sampleA	sampleB	n_avail	n_a	n_b	n_sh	SHa	SHb	SHc	SHs
ALI01	ALI02	447455	14775	8392	6439	0.4358	0.7673	-0.5142	-0.0939
ALI01	ALI03	227614	7476	7016	5535	0.7404	0.7889	-0.2096	-0.0338
ALI01	ALI04	183105	6254	5539	4352	0.6959	0.7857	-0.2541	-0.0417
ALI01	ALI05	506095	15918	13931	10746	0.6751	0.7714	-0.2749	-0.0491
ALI01	ALI06	481629	15021	9611	7411	0.4934	0.7711	-0.4566	-0.0817
ALI01	ALI07	525658	16748	10311	7690	0.4592	0.7458	-0.4908	-0.1002
ALI01	ALI09	546376	16507	9821	7177	0.4348	0.7308	-0.5152	-0.1129
ALI01	ALI10	455342	13167	11639	8718	0.6621	0.749	-0.2879	-0.0579
ALI01	ALI11	540422	17098	9878	7786	0.4554	0.7882	-0.4946	-0.08
ALI01	ALI12	542467	17217	10202	7731	0.449	0.7578	-0.501	-0.0963
ALI01	ALI16	119840	4705	4091	3237	0.688	0.7912	-0.262	-0.0416
ALI02	ALI03	223969	4633	7633	3562	0.7688	0.4667	-0.4833	-0.0876
ALI02	ALI04	181641	4008	5874	2829	0.7058	0.4816	-0.4684	-0.1144
ALI02	ALI05	505356	9669	15100	6646	0.6874	0.4401	-0.5099	-0.1339
ALI02	ALI06	479987	9007	10332	4447	0.4937	0.4304	-0.5196	-0.2371
ALI02	ALI07	524656	10154	11025	4998	0.4922	0.4533	-0.4967	-0.2274
ALI02	ALI09	547575	10181	10737	4798	0.4713	0.4469	-0.5031	-0.2408
ALI02	ALI10	451400	8039	12517	5551	0.6905	0.4435	-0.5065	-0.1314
ALI02	ALI11	540840	10459	10744	4787	0.4577	0.4456	-0.5044	-0.2483
ALI02	ALI12	542868	10468	11121	5192	0.496	0.4669	-0.4831	-0.2193
ALI02	ALI16	118285	3006	4404	2218	0.7379	0.5036	-0.4464	-0.0947
ALI03	ALI04	99721	3714	3412	2635	0.7095	0.7723	-0.2405	-0.0427
ALI03	ALI05	250147	8091	7440	5600	0.6921	0.7527	-0.2579	-0.0509
ALI03	ALI06	238236	7582	5255	3892	0.5133	0.7406	-0.4367	-0.0914
ALI03	ALI07	256797	8407	5543	4139	0.4923	0.7467	-0.4577	-0.0931
ALI03	ALI09	261098	8091	5239	3807	0.4705	0.7267	-0.4795	-0.1071
ALI03	ALI10	231766	6904	6464	4789	0.6937	0.7409	-0.2563	-0.0536
ALI03	ALI11	260379	8484	5289	3984	0.4696	0.7533	-0.4804	-0.0945
ALI03	ALI12	261197	8497	5497	4044	0.4759	0.7357	-0.4741	-0.1016
ALI03	ALI16	66663	2748	2623	2034	0.7402	0.7754	-0.2098	-0.0366
ALI04	ALI05	203686	6305	6309	4435	0.7034	0.703	-0.247	-0.0609
ALI04	ALI06	194065	5942	4526	3135	0.5276	0.6927	-0.4224	-0.1087
ALI04	ALI07	209510	6570	4796	3477	0.5292	0.725	-0.4208	-0.0947
ALI04	ALI09	214808	6399	4436	2973	0.4646	0.6702	-0.4854	-0.1358
ALI04	ALI10	185999	5270	5427	3735	0.7087	0.6882	-0.2618	-0.0632
ALI04	ALI11	213633	6602	4573	3209	0.4861	0.7017	-0.4639	-0.1152
ALI04	ALI12	214282	6648	4677	3237	0.4869	0.6921	-0.4631	-0.1194
ALI04	ALI16	52524	2241	2237	1683	0.751	0.7523	-0.199	-0.0393
ALI05	ALI06	548285	15429	11254	7536	0.4884	0.6696	-0.4616	-0.1294
ALI05	ALI07	601643	17303	11954	8125	0.4696	0.6797	-0.4804	-0.1299
ALI05	ALI09	630505	17261	11594	7905	0.458	0.6818	-0.492	-0.132
ALI05	ALI10	514347	13411	13406	8976	0.6693	0.6696	-0.2807	-0.0787
ALI05	ALI11	621589	17805	11556	7705	0.4327	0.6668	-0.5173	-0.1465
ALI05	ALI12	624089	17873	12086	8551	0.4784	0.7075	-0.4716	-0.1144
ALI05	ALI16	131900	4741	4685	3350	0.7066	0.715	-0.2434	-0.0572
ALI06	ALI07	571517	11798	11149	5079	0.4305	0.4556	-0.5195	-0.2568
ALI06	ALI09	597744	11875	11087	5633	0.4744	0.5081	-0.4756	-0.2102
ALI06	ALI10	489435	9451	12684	6376	0.6746	0.5027	-0.4473	-0.1232
ALI06	ALI11	589926	12172	10841	5315	0.4367	0.4903	-0.5133	-0.236
ALI06	ALI12	592544	12210	11443	5916	0.4845	0.517	-0.4655	-0.2016
ALI06	ALI16	126321	3386	4383	2325	0.6867	0.5305	-0.4195	-0.1105
ALI07	ALI09	661877	12553	12258	5565	0.4433	0.454	-0.5067	-0.2513
ALI07	ALI10	534081	9962	14151	6893	0.6919	0.4871	-0.4629	-0.1195
ALI07	ALI11	650953	12961	12210	5957	0.4596	0.4879	-0.4904	-0.2266
ALI07	ALI12	654180	12993	12816	5970	0.4595	0.4658	-0.4905	-0.2375
ALI07	ALI16	135935	3471	4834	2529	0.7286	0.5232	-0.4268	-0.0945
ALI09	ALI10	554174	9634	14058	6285	0.6524	0.4471	-0.5029	-0.1497
ALI09	ALI11	691220	12925	12466	5811	0.4496	0.4661	-0.5004	-0.2421
ALI09	ALI12	695091	12947	13083	6184	0.4776	0.4727	-0.4773	-0.2255
ALI09	ALI16	138383	3421	4706	2436	0.7121	0.5176	-0.4324	-0.1029
ALI10	ALI11	548489	14537	9577	6366	0.4379	0.6647	-0.5121	-0.1461
ALI10	ALI12	550826	14562	10218	6922	0.4753	0.6774	-0.4747	-0.1294
ALI10	ALI16	121635	3997	3992	2787	0.6973	0.6981	-0.2527	-0.0637
ALI11	ALI12	680649	12813	13359	6313	0.4927	0.4726	-0.4774	-0.2183
ALI11	ALI16	138102	3299	4880	2373	0.7193	0.4863	-0.4637	-0.107
ALI12	ALI16	138612	3446	4860	2431	0.7055	0.5002	-0.4498	-0.11
ASL01	ASL02	731660	12840	12884	6536	0.509	0.5073	-0.4427	-0.1952
ASL01	ASL03	734893	13064	20926	9916	0.759	0.4739	-0.4761	-0.0909
ASL01	ASL04	728527	11467	13171	6978	0.6085	0.5298	-0.4202	-0.1435
ASL01	ASL05	731861	12972	12319	6196	0.4776	0.503	-0.4724	-0.2112
ASL01	ASL06	702843	11966	14544	6288	0.5255	0.4323	-0.5177	-0.2198
ASL01	ASL07	733052	12931	12846	6450	0.4988	0.5021	-0.4512	-0.2021
ASL01	ASL08	727276	12871	12170	6496	0.5047	0.5338	-0.4453	-0.1853
ASL01	ASL09	708717	12530	12538	6188	0.4939	0.4935	-0.4565	-0.2082
ASL01	ASL10	704831	12507	12044	6060	0.4845	0.5032	-0.4655	-0.208
ASL01	ASL11	736072	13048	13287	6808	0.5218	0.5124	-0.4376	-0.1874
ASL01	ASL12	732204	12953	12295	6218	0.48	0.5057	-0.47	-0.2088
ASL02	ASL03	732817	13169	21039	9979	0.7578	0.4743	-0.4757	-0.0914
ASL02	ASL04	726395	11526	13262	6530	0.5665	0.4924	-0.4576	-0.1755
ASL02	ASL05	729904	13070	12333	5783	0.4425	0.4689	-0.5075	-0.2442
ASL02	ASL06	701189	12133	14551	6427	0.5297	0.4417	-0.5083	-0.2136
ASL02	ASL07	731193	13076	12922	6671	0.5102	0.5163	-0.4398	-0.1907
ASL02	ASL08	725179	12970	12351	6282	0.4843	0.5086	-0.4657	-0.2056
ASL02	ASL09	707143	12669	12650	6189	0.4885	0.4892	-0.4615	-0.2127
ASL02	ASL10	703346	12666	12164	6043	0.4771	0.4968	-0.4729	-0.2143
ASL02	ASL11	733557	13157	13317	6720	0.5108	0.5046	-0.4454	-0.1956
ASL02	ASL12	729997	13059	12374	6158	0.4716	0.4977	-0.4784	-0.2164
ASL03	ASL04	729951	18589	13507	9992	0.5375	0.7398	-0.4125	-0.0867
ASL03	ASL05	733694	21235	12574	9195	0.433	0.7313	-0.517	-0.1131
ASL03	ASL06	703700	19459	14787	9998	0.5138	0.6761	-0.4362	-0.1195
ASL03	ASL07	734387	21156	13134	10085	0.4767	0.7679	-0.4733	-0.0862
ASL03	ASL08	727922	21050	12532	9433	0.4481	0.7527	-0.5019	-0.099
ASL03	ASL09	709138	20566	12797	9522	0.463	0.7441	-0.487	-0.1003
ASL03	ASL10	705019	20510	12301	9087	0.4431	0.7387	-0.5069	-0.1071
ASL03	ASL11	737774	21358	13576	10287	0.4816	0.7577	-0.4684	-0.0901
ASL03	ASL12	733222	21177	12570	9220	0.4354	0.7335	-0.5146	-0.1114
ASL04	ASL05	727288	13367	11172	6037	0.4516	0.5404	-0.4984	-0.2041
ASL04	ASL06	698453	12348	13103	6429	0.5207	0.4907	-0.4593	-0.1972
ASL04	ASL07	727861	13325	11560	6627	0.4973	0.5733	-0.4527	-0.1705
ASL04	ASL08	721859	13237	10962	6434	0.4861	0.5869	-0.4639	-0.1684
ASL04	ASL09	703792	12893	11433	6509	0.5048	0.5693	-0.4452	-0.1695
ASL04	ASL10	699833	12899	10772	6176	0.4788	0.5733	-0.4712	-0.1775
ASL04	ASL11	730781	13476	11892	6796	0.5043	0.5715	-0.4457	-0.1687
ASL04	ASL12	726872	13355	11011	6056	0.4535	0.55	-0.4965	-0.1986
ASL05	ASL06	701173	11595	14715	6456	0.5568	0.4387	-0.5113	-0.201
ASL05	ASL07	731209	12435	13048	6203	0.4988	0.4754	-0.4746	-0.2141
ASL05	ASL08	725174	12348	12416	5693	0.461	0.4585	-0.4915	-0.2403
ASL05	ASL09	706996	12082	12752	5841	0.4834	0.458	-0.492	-0.2296
ASL05	ASL10	702961	12001	12200	5988	0.499	0.4908	-0.4592	-0.2071
ASL05	ASL11	734384	12535	13456	6282	0.5012	0.4669	-0.4831	-0.2168
ASL05	ASL12	730299	12459	12480	5686	0.4564	0.4556	-0.4944	-0.244
ASL06	ASL07	702474	14692	12104	6614	0.4502	0.5464	-0.4998	-0.2017
ASL06	ASL08	697162	14582	11647	6316	0.4331	0.5423	-0.5169	-0.2107
ASL06	ASL09	680561	14257	11769	6435	0.4514	0.5468	-0.4986	-0.201
ASL06	ASL10	676799	14251	11428	6140	0.4308	0.5373	-0.5192	-0.2143
ASL06	ASL11	704446	14783	12442	6596	0.4462	0.5301	-0.5038	-0.2115
ASL06	ASL12	701550	14699	11554	5957	0.4053	0.5156	-0.5447	-0.2366
ASL07	ASL08	726761	12922	12406	6462	0.5001	0.5209	-0.4499	-0.1931
ASL07	ASL09	708407	12547	12702	6472	0.5158	0.5095	-0.4405	-0.1913
ASL07	ASL10	704396	12554	12211	6204	0.4942	0.5081	-0.4558	-0.2014
ASL07	ASL11	735109	13114	13381	6426	0.49	0.4802	-0.4698	-0.2161
ASL07	ASL12	731523	13039	12468	6308	0.4838	0.5059	-0.4662	-0.207
ASL08	ASL09	704283	12061	12677	6250	0.5182	0.493	-0.457	-0.1973
ASL08	ASL10	700540	12048	12199	5847	0.4853	0.4793	-0.4707	-0.2187
ASL08	ASL11	728750	12486	13285	6287	0.5035	0.4732	-0.4768	-0.2129
ASL08	ASL12	725858	12453	12413	6054	0.4861	0.4877	-0.4639	-0.2145
ASL09	ASL10	687085	12419	11895	5557	0.4475	0.4672	-0.5025	-0.2426
ASL09	ASL11	709827	12773	12931	6382	0.4996	0.4935	-0.4565	-0.2056
ASL09	ASL12	707976	12735	12030	5964	0.4683	0.4958	-0.4817	-0.2188
ASL10	ASL11	705827	12263	12932	6225	0.5076	0.4814	-0.4686	-0.2073
ASL10	ASL12	704001	12247	12031	5803	0.4738	0.4823	-0.4762	-0.2227
ASL11	ASL12	734154	13415	12547	6621	0.4936	0.5277	-0.4564	-0.1927
BB01	BB02	716626	51907	53411	25640	0.494	0.4801	-0.4699	-0.2143
BB01	BB03	717022	51980	51078	26144	0.503	0.5118	-0.447	-0.1959
BB01	BB04	715600	51959	52559	26219	0.5046	0.4988	-0.4512	-0.201
BB01	BB05	717297	52025	52659	26286	0.5053	0.4992	-0.4508	-0.2005
BB01	BB06	713078	51782	57032	23045	0.445	0.4041	-0.5459	-0.2757
BB01	BB07	716460	51888	43554	19620	0.3781	0.4505	-0.5719	-0.2857
BB01	BB08	715852	51768	58400	26837	0.5184	0.4595	-0.4905	-0.2117
BB01	BB09	716425	51867	52438	21494	0.4144	0.4099	-0.5401	-0.2893
BB01	BB10	716169	51917	52431	21505	0.4142	0.4102	-0.5398	-0.2892
BB01	BB11	715697	51900	55558	19977	0.3849	0.3596	-0.5904	-0.3336
BB01	BB12	713483	51782	50890	22941	0.443	0.4508	-0.507	-0.2531
BB02	BB03	731290	54312	51822	29374	0.5408	0.5668	-0.4092	-0.1568
BB02	BB04	728722	54179	53360	26579	0.4906	0.4981	-0.4594	-0.2076
BB02	BB05	732318	54419	53588	26757	0.4917	0.4993	-0.4583	-0.2066
BB02	BB06	726804	54116	57949	24289	0.4488	0.4191	-0.5309	-0.2661
BB02	BB07	729811	54087	44092	18314	0.3386	0.4154	-0.6114	-0.3269
BB02	BB08	728513	53996	59201	23144	0.4286	0.3909	-0.5591	-0.2915
BB02	BB09	730654	54141	53228	22128	0.4087	0.4157	-0.5413	-0.2892
BB02	BB10	729893	54231	53237	22142	0.4083	0.4159	-0.5417	-0.2893
BB02	BB11	729594	54226	56438	21662	0.3995	0.3838	-0.5662	-0.3117
BB02	BB12	725940	54065	51713	23694	0.4383	0.4582	-0.5117	-0.2517
BB03	BB04	728738	51746	53384	27302	0.5276	0.5114	-0.4386	-0.1853
BB03	BB05	732344	51891	53630	27421	0.5284	0.5113	-0.4387	-0.185
BB03	BB06	726388	51676	57909	25707	0.4975	0.4439	-0.5061	-0.229
BB03	BB07	729991	51636	44170	17773	0.3442	0.4024	-0.6058	-0.3317
BB03	BB08	728463	51492	59155	21035	0.4085	0.3556	-0.5944	-0.3219
BB03	BB09	730640	51720	53200	20762	0.4014	0.3903	-0.5597	-0.3071
BB03	BB10	730056	51749	53207	20798	0.4019	0.3909	-0.5591	-0.3064
BB03	BB11	729637	51746	56320	19748	0.3816	0.3506	-0.5994	-0.3407
BB03	BB12	725953	51574	51686	23765	0.4608	0.4598	-0.4902	-0.2398
BB04	BB05	731250	53769	53809	53712	0.9989	0.9982	0.0482	-0.0024
BB04	BB06	725307	53225	57902	28991	0.5447	0.5007	-0.4493	-0.1821
BB04	BB07	727756	53150	44076	18875	0.3551	0.4282	-0.5949	-0.3104
BB04	BB08	726573	53048	59089	22610	0.4262	0.3826	-0.5674	-0.2972
BB04	BB09	728236	53162	53093	20766	0.3906	0.3911	-0.5594	-0.3126
BB04	BB10	727679	53265	53113	20816	0.3908	0.3919	-0.5592	-0.3121
BB04	BB11	727356	53298	56316	20597	0.3864	0.3657	-0.5843	-0.3293
BB04	BB12	724576	53206	51658	25752	0.484	0.4985	-0.466	-0.2104
BB05	BB06	728260	53436	58037	29116	0.5449	0.5017	-0.4483	-0.1816
BB05	BB07	730956	53352	44225	18954	0.3553	0.4286	-0.5947	-0.3101
BB05	BB08	729635	53243	59261	22730	0.4269	0.3836	-0.5664	-0.2963
BB05	BB09	731543	53368	53268	20872	0.3911	0.3918	-0.5589	-0.312
BB05	BB10	730652	53436	53266	20908	0.3913	0.3925	-0.5587	-0.3115
BB05	BB11	730640	53517	56467	20689	0.3866	0.3664	-0.5836	-0.3288
BB05	BB12	726958	53376	51833	25861	0.4845	0.4989	-0.4655	-0.21
BB06	BB07	725750	57757	44008	18022	0.312	0.4095	-0.638	-0.3448
BB06	BB08	724647	57695	59044	27147	0.4705	0.4598	-0.4902	-0.2351
BB06	BB09	726240	57774	53026	20650	0.3574	0.3894	-0.5926	-0.3322
BB06	BB10	725484	57857	53050	20673	0.3573	0.3897	-0.5927	-0.3321
BB06	BB11	725694	57982	56334	26498	0.457	0.4704	-0.493	-0.2364
BB06	BB12	722252	57769	51532	23388	0.4049	0.4539	-0.5451	-0.2704
BB07	BB08	729086	44075	59172	21805	0.4947	0.3685	-0.5815	-0.2648
BB07	BB09	730163	44106	53139	18486	0.4191	0.3479	-0.6021	-0.3197
BB07	BB10	729417	44129	53132	18477	0.4187	0.3478	-0.6022	-0.3199
BB07	BB11	729523	44188	56378	19039	0.4309	0.3377	-0.6123	-0.3178
BB07	BB12	725156	43967	51548	17332	0.3942	0.3362	-0.6138	-0.3412
BB08	BB09	728486	59082	53019	22456	0.3801	0.4235	-0.5699	-0.3001
BB08	BB10	727812	59134	53044	22461	0.3798	0.4234	-0.5702	-0.3003
BB08	BB11	727884	59176	56225	26420	0.4465	0.4699	-0.5035	-0.2417
BB08	BB12	723918	58901	51439	19840	0.3368	0.3857	-0.6132	-0.346
BB09	BB10	732567	53646	53645	53567	0.9985	0.9985	0.0485	-0.0024
BB09	BB11	729706	53238	56332	20139	0.3783	0.3575	-0.5925	-0.3387
BB09	BB12	725703	52973	51609	21508	0.406	0.4167	-0.544	-0.2901
BB10	BB11	729114	53273	56394	20174	0.3787	0.3577	-0.5923	-0.3384
BB10	BB12	725370	52971	51622	21520	0.4063	0.4169	-0.5437	-0.2898
BB11	BB12	725203	56190	51656	20528	0.3653	0.3974	-0.5847	-0.3231
CZ01	CZ02	755078	8826	8417	3256	0.3689	0.3868	-0.5811	-0.3273
CZ01	CZ03	754759	8794	9077	3151	0.3583	0.3471	-0.6029	-0.3567
CZ01	CZ04	754901	8782	8612	3145	0.3581	0.3652	-0.5919	-0.3461
CZ01	CZ05	753951	8533	9015	3389	0.3972	0.3759	-0.5741	-0.3174
CZ01	CZ06	754787	8803	7696	2952	0.3353	0.3836	-0.6147	-0.3482
CZ01	CZ07	754152	8760	8562	3035	0.3465	0.3545	-0.6035	-0.3594
CZ01	CZ08	754663	8775	7968	3343	0.381	0.4196	-0.569	-0.3018
CZ01	CZ09	754402	8794	8310	3754	0.4269	0.4517	-0.5231	-0.2607
CZ01	CZ10	754762	8713	9711	3266	0.3748	0.3363	-0.6137	-0.353
CZ01	CZ11	753927	8552	7819	2698	0.3155	0.3451	-0.6345	-0.3838
CZ01	CZ12	754822	8781	7739	2994	0.341	0.3869	-0.609	-0.3429
CZ02	CZ03	756143	8621	9351	3491	0.4049	0.3733	-0.5767	-0.3144
CZ02	CZ04	756227	8620	8858	3194	0.3705	0.3606	-0.5894	-0.3416
CZ02	CZ05	755602	8373	9272	3407	0.4069	0.3675	-0.5825	-0.3164
CZ02	CZ06	756202	8619	7934	2975	0.3452	0.375	-0.6048	-0.3478
CZ02	CZ07	755617	8588	8786	2953	0.3439	0.3361	-0.6139	-0.3721
CZ02	CZ08	755925	8609	8180	3006	0.3492	0.3675	-0.6008	-0.35
CZ02	CZ09	755787	8603	8510	3457	0.4018	0.4062	-0.5482	-0.2981
CZ02	CZ10	756230	8526	9960	3165	0.3712	0.3178	-0.6322	-0.3659
CZ02	CZ11	755431	8379	8023	2860	0.3413	0.3565	-0.6087	-0.3613
CZ02	CZ12	756583	8626	7955	3608	0.4183	0.4536	-0.5317	-0.2639
CZ03	CZ04	756227	9322	8841	4063	0.4359	0.4596	-0.5141	-0.2521
CZ03	CZ05	755066	9009	9222	3329	0.3695	0.361	-0.589	-0.3419
CZ03	CZ06	755987	9302	7902	3188	0.3427	0.4034	-0.6073	-0.332
CZ03	CZ07	755360	9262	8766	3028	0.3269	0.3454	-0.6231	-0.3767
CZ03	CZ08	755729	9300	8167	2999	0.3225	0.3672	-0.6275	-0.3657
CZ03	CZ09	755480	9298	8469	3073	0.3305	0.3629	-0.6195	-0.3637
CZ03	CZ10	756054	9198	9923	3548	0.3857	0.3576	-0.5924	-0.3343
CZ03	CZ11	755040	9059	8017	2737	0.3021	0.3414	-0.6479	-0.3943
CZ03	CZ12	755823	9293	7933	3054	0.3286	0.385	-0.6214	-0.3511
CZ04	CZ05	755122	8587	9233	4169	0.4855	0.4515	-0.4985	-0.2316
CZ04	CZ06	755897	8814	7894	2734	0.3102	0.3463	-0.6398	-0.3862
CZ04	CZ07	755386	8788	8760	2855	0.3249	0.3259	-0.6251	-0.3901
CZ04	CZ08	755737	8815	8173	2988	0.339	0.3656	-0.611	-0.3571
CZ04	CZ09	755488	8829	8481	3134	0.355	0.3695	-0.595	-0.3454
CZ04	CZ10	756076	8746	9916	3568	0.408	0.3598	-0.5902	-0.3199
CZ04	CZ11	755060	8596	8008	2743	0.3191	0.3425	-0.6309	-0.3833
CZ04	CZ12	755947	8825	7913	2947	0.3339	0.3724	-0.6161	-0.3559
CZ05	CZ06	755124	9233	7523	3431	0.3716	0.4561	-0.5784	-0.2857
CZ05	CZ07	754637	9191	8488	3832	0.4169	0.4515	-0.5331	-0.2658
CZ05	CZ08	755074	9210	7887	3407	0.3699	0.432	-0.5801	-0.3005
CZ05	CZ09	754917	9217	8227	3461	0.3755	0.4207	-0.5745	-0.3041
CZ05	CZ10	755071	9127	9650	3664	0.4014	0.3797	-0.5703	-0.3129
CZ05	CZ11	754356	9020	7782	3012	0.3339	0.387	-0.6161	-0.3469
CZ05	CZ12	755339	9246	7687	3086	0.3338	0.4015	-0.6162	-0.338
CZ06	CZ07	755353	7879	8774	2738	0.3475	0.3121	-0.6379	-0.3843
CZ06	CZ08	755838	7880	8171	3103	0.3938	0.3798	-0.5702	-0.3171
CZ06	CZ09	755545	7878	8476	2996	0.3803	0.3535	-0.5965	-0.3398
CZ06	CZ10	755882	7808	9932	2795	0.358	0.2814	-0.6686	-0.3958
CZ06	CZ11	755019	7667	8001	2320	0.3026	0.29	-0.66	-0.4273
CZ06	CZ12	755801	7895	7931	2892	0.3663	0.3646	-0.5854	-0.3417
CZ07	CZ08	755199	8762	8118	3083	0.3519	0.3798	-0.5981	-0.341
CZ07	CZ09	754915	8770	8449	3021	0.3445	0.3576	-0.6055	-0.3587
CZ07	CZ10	755444	8662	9890	3289	0.3797	0.3326	-0.6174	-0.3521
CZ07	CZ11	754579	8555	7966	2813	0.3288	0.3531	-0.6212	-0.3708
CZ07	CZ12	755288	8758	7907	2751	0.3141	0.3479	-0.6359	-0.3829
CZ08	CZ09	755793	8166	8474	4141	0.5071	0.4887	-0.4613	-0.2043
CZ08	CZ10	755644	8078	9919	3046	0.3771	0.3071	-0.6429	-0.3683
CZ08	CZ11	754759	7964	7988	2498	0.3137	0.3127	-0.6373	-0.4055
CZ08	CZ12	755634	8158	7903	2932	0.3594	0.371	-0.5906	-0.342
CZ09	CZ10	755431	8381	9918	3129	0.3733	0.3155	-0.6345	-0.3659
CZ09	CZ11	754618	8188	7997	2737	0.3343	0.3423	-0.6157	-0.3742
CZ09	CZ12	755484	8470	7937	3148	0.3717	0.3966	-0.5783	-0.32
CZ10	CZ11	755174	9680	7892	2976	0.3074	0.3771	-0.6426	-0.3681
CZ10	CZ12	755928	9901	7811	3099	0.313	0.3967	-0.637	-0.3525
CZ11	CZ12	755142	8003	7602	2523	0.3153	0.3319	-0.6347	-0.3923
FR01	FR02	755388	8466	8498	2595	0.3065	0.3054	-0.6446	-0.4148
FR01	FR03	756282	8447	8534	2702	0.3199	0.3166	-0.6334	-0.3991
FR01	FR04	756115	8461	8979	2732	0.3229	0.3043	-0.6457	-0.4049
FR01	FR05	755715	8454	13296	4583	0.5421	0.3447	-0.6053	-0.2469
FR01	FR06	756127	8479	13044	4732	0.5581	0.3628	-0.5872	-0.2301
FR01	FR07	755344	8451	9105	2901	0.3433	0.3186	-0.6314	-0.3831
FR01	FR08	753327	8431	8884	2710	0.3214	0.305	-0.645	-0.4054
FR01	FR09	755917	8440	8880	2759	0.3269	0.3107	-0.6393	-0.3983
FR01	FR10	756113	8413	8988	2926	0.3478	0.3255	-0.6245	-0.3761
FR01	FR11	754154	8305	8798	2620	0.3155	0.2978	-0.6522	-0.4138
FR01	FR12	755323	8409	8317	2501	0.2974	0.3007	-0.6526	-0.4237
FR02	FR03	755453	8500	8558	2507	0.2949	0.2929	-0.6571	-0.4305
FR02	FR04	755415	8511	9005	2822	0.3316	0.3134	-0.6366	-0.3937
FR02	FR05	754717	8502	13336	4762	0.5601	0.3571	-0.5929	-0.2312
FR02	FR06	755290	8541	13092	4730	0.5538	0.3613	-0.5887	-0.2332
FR02	FR07	754149	8474	9115	2794	0.3297	0.3065	-0.6435	-0.3992
FR02	FR08	752534	8463	8903	2636	0.3115	0.2961	-0.6539	-0.4175
FR02	FR09	754626	8465	8902	2679	0.3165	0.3009	-0.6491	-0.4112
FR02	FR10	755070	8444	8998	2800	0.3316	0.3112	-0.6388	-0.395
FR02	FR11	753262	8350	8838	2745	0.3287	0.3106	-0.6394	-0.3973
FR02	FR12	754184	8444	8337	2589	0.3066	0.3105	-0.6434	-0.4115
FR03	FR04	756342	8553	8988	2965	0.3467	0.3299	-0.6201	-0.3741
FR03	FR05	755777	8559	13308	4779	0.5584	0.3591	-0.5909	-0.2314
FR03	FR06	756266	8561	13053	4762	0.5562	0.3648	-0.5852	-0.2305
FR03	FR07	755359	8533	9097	2699	0.3163	0.2967	-0.6533	-0.414
FR03	FR08	753457	8525	8888	2728	0.32	0.3069	-0.6431	-0.4052
FR03	FR09	755811	8536	8889	2827	0.3312	0.318	-0.632	-0.3911
FR03	FR10	756130	8516	8968	2900	0.3405	0.3234	-0.6266	-0.3819
FR03	FR11	754182	8386	8811	2566	0.306	0.2912	-0.6588	-0.4243
FR03	FR12	755198	8503	8329	2692	0.3166	0.3232	-0.6334	-0.397
FR04	FR05	755486	8998	13307	5037	0.5598	0.3785	-0.5715	-0.223
FR04	FR06	756142	9024	13086	4947	0.5482	0.378	-0.572	-0.2298
FR04	FR07	755171	9002	9120	3070	0.341	0.3366	-0.6134	-0.3736
FR04	FR08	753322	8974	8899	2812	0.3133	0.316	-0.6367	-0.4037
FR04	FR09	755651	8976	8890	2730	0.3041	0.3071	-0.6459	-0.4152
FR04	FR10	756045	8961	8995	2836	0.3165	0.3153	-0.6347	-0.4021
FR04	FR11	754102	8842	8829	2841	0.3213	0.3218	-0.6287	-0.3949
FR04	FR12	754974	8959	8328	2676	0.2987	0.3213	-0.6513	-0.4095
FR05	FR06	755771	13371	13093	8290	0.62	0.6332	-0.33	-0.1045
FR05	FR07	754876	13284	9127	5147	0.3875	0.5639	-0.5625	-0.2172
FR05	FR08	753330	13300	8905	4977	0.3742	0.5589	-0.5758	-0.2252
FR05	FR09	755037	13272	8894	4660	0.3511	0.5239	-0.5989	-0.2552
FR05	FR10	755364	13244	9000	5057	0.3818	0.5619	-0.5682	-0.2205
FR05	FR11	753878	13036	8839	4834	0.3708	0.5469	-0.5792	-0.2335
FR05	FR12	754754	13258	8354	4542	0.3426	0.5437	-0.6074	-0.2468
FR06	FR07	755247	13043	9137	5080	0.3895	0.556	-0.5605	-0.2208
FR06	FR08	753626	13069	8927	4862	0.372	0.5446	-0.578	-0.2343
FR06	FR09	755646	13029	8915	4908	0.3767	0.5505	-0.5733	-0.229
FR06	FR10	756028	12989	9022	4983	0.3836	0.5523	-0.5664	-0.2253
FR06	FR11	754285	12807	8843	4940	0.3857	0.5586	-0.5643	-0.2209
FR06	FR12	755157	13005	8357	4576	0.3519	0.5476	-0.5981	-0.2407
FR07	FR08	752843	9091	8874	2941	0.3235	0.3314	-0.6265	-0.3876
FR07	FR09	755020	9105	8873	2994	0.3288	0.3374	-0.6212	-0.3805
FR07	FR10	755005	9077	8971	3173	0.3496	0.3537	-0.6004	-0.358
FR07	FR11	753338	8934	8803	3071	0.3437	0.3489	-0.6063	-0.3644
FR07	FR12	754439	9074	8335	2774	0.3057	0.3328	-0.6443	-0.3977
FR08	FR09	752855	8877	8851	2939	0.3311	0.3321	-0.6189	-0.3824
FR08	FR10	753178	8826	8948	2795	0.3167	0.3124	-0.6376	-0.4038
FR08	FR11	751853	8734	8802	2776	0.3178	0.3154	-0.6346	-0.4012
FR08	FR12	752721	8853	8303	2670	0.3016	0.3216	-0.6484	-0.4075
FR09	FR10	755558	8849	8973	2720	0.3074	0.3031	-0.6469	-0.4157
FR09	FR11	753680	8698	8811	2866	0.3295	0.3253	-0.6247	-0.3876
FR09	FR12	754719	8838	8315	2802	0.317	0.337	-0.633	-0.388
FR10	FR11	753902	8826	8787	3018	0.3419	0.3435	-0.6081	-0.3688
FR10	FR12	755028	8957	8299	2682	0.2994	0.3232	-0.6506	-0.4078
FR11	FR12	753214	8771	8174	2612	0.2978	0.3195	-0.6522	-0.4112
JN01	JN02	735943	56122	56902	22547	0.4017	0.3962	-0.5538	-0.3036
JN01	JN03	735421	56067	52201	20071	0.358	0.3845	-0.592	-0.3348
JN01	JN04	733319	55963	56573	21455	0.3834	0.3792	-0.5708	-0.3234
JN01	JN05	731500	55857	58663	23659	0.4236	0.4033	-0.5467	-0.2878
JN01	JN06	734600	56014	56168	21551	0.3847	0.3837	-0.5663	-0.3201
JN01	JN07	736218	56248	65587	21956	0.3903	0.3348	-0.6152	-0.3443
JN01	JN08	732025	56004	57006	21253	0.3795	0.3728	-0.5772	-0.3293
JN01	JN09	730394	55750	55109	19901	0.357	0.3611	-0.593	-0.3492
JN01	JN10	733586	56010	51607	20486	0.3658	0.397	-0.5842	-0.3231
JN01	JN11	731824	55957	57238	20486	0.3661	0.3579	-0.5921	-0.3457
JN01	JN12	725680	55600	55579	20629	0.371	0.3712	-0.579	-0.3351
JN02	JN03	737889	56973	52267	20604	0.3616	0.3942	-0.5884	-0.327
JN02	JN04	735641	56905	56683	21836	0.3837	0.3852	-0.5663	-0.3198
JN02	JN05	733244	56614	58730	22628	0.3997	0.3853	-0.5647	-0.3108
JN02	JN06	737041	56945	56286	22279	0.3912	0.3958	-0.5588	-0.3097
JN02	JN07	739065	57148	65721	22156	0.3877	0.3371	-0.6129	-0.3446
JN02	JN08	734084	56851	57126	20784	0.3656	0.3638	-0.5862	-0.3426
JN02	JN09	732354	56612	55210	20840	0.3681	0.3775	-0.5819	-0.3331
JN02	JN10	735679	56826	51696	20267	0.3567	0.392	-0.5933	-0.3311
JN02	JN11	733881	56845	57428	21879	0.3849	0.381	-0.569	-0.3215
JN02	JN12	727140	56341	55600	20441	0.3628	0.3676	-0.5872	-0.342
JN03	JN04	735240	52201	56612	20478	0.3923	0.3617	-0.5883	-0.3281
JN03	JN05	733487	51925	58742	20682	0.3983	0.3521	-0.5979	-0.3299
JN03	JN06	736843	52201	56249	20656	0.3957	0.3672	-0.5828	-0.323
JN03	JN07	738830	52432	65664	20165	0.3846	0.3071	-0.6429	-0.3635
JN03	JN08	733881	52127	57048	19398	0.3721	0.34	-0.61	-0.3525
JN03	JN09	732368	51938	55183	19131	0.3683	0.3467	-0.6033	-0.3509
JN03	JN10	735627	52110	51776	19727	0.3786	0.381	-0.5714	-0.3251
JN03	JN11	733955	52133	57346	19520	0.3744	0.3404	-0.6096	-0.3509
JN03	JN12	726817	51616	55606	18845	0.3651	0.3389	-0.6111	-0.3574
JN04	JN05	730636	56324	58554	21421	0.3803	0.3658	-0.5842	-0.3328
JN04	JN06	734207	56607	56111	20530	0.3627	0.3659	-0.5873	-0.343
JN04	JN07	735811	56807	65540	22101	0.3891	0.3372	-0.6128	-0.3437
JN04	JN08	731930	56527	56989	20808	0.3681	0.3651	-0.5849	-0.3404
JN04	JN09	730186	56266	55181	20124	0.3577	0.3647	-0.5923	-0.3467
JN04	JN10	733125	56531	51606	19711	0.3487	0.382	-0.6013	-0.3415
JN04	JN11	731604	56506	57222	20689	0.3661	0.3616	-0.5884	-0.3436
JN04	JN12	725173	56081	55538	20661	0.3684	0.372	-0.5816	-0.3362
JN05	JN06	732558	58650	55881	21576	0.3679	0.3861	-0.5821	-0.3282
JN05	JN07	734221	58862	65340	22626	0.3844	0.3463	-0.6037	-0.3415
JN05	JN08	730080	58606	56788	22514	0.3842	0.3965	-0.5658	-0.3132
JN05	JN09	728478	58343	54951	20621	0.3534	0.3753	-0.5966	-0.3429
JN05	JN10	731428	58572	51405	19776	0.3376	0.3847	-0.6124	-0.3462
JN05	JN11	729992	58603	57032	21917	0.374	0.3843	-0.576	-0.3258
JN05	JN12	723692	58194	55430	22384	0.3846	0.4038	-0.5654	-0.3088
JN06	JN07	737556	56330	65552	21451	0.3808	0.3272	-0.6228	-0.3545
JN06	JN08	733251	56120	57007	21233	0.3783	0.3725	-0.5775	-0.3302
JN06	JN09	731559	55876	55147	19734	0.3532	0.3578	-0.5968	-0.3534
JN06	JN10	734763	56169	51670	20101	0.3579	0.389	-0.5921	-0.3322
JN06	JN11	733371	56113	57363	20817	0.371	0.3629	-0.5871	-0.3399
JN06	JN12	726285	55633	55628	20346	0.3657	0.3658	-0.5843	-0.3413
JN07	JN08	734630	65466	57212	21730	0.3319	0.3798	-0.6181	-0.3524
JN07	JN09	732838	65283	55345	21809	0.3341	0.3941	-0.6159	-0.3424
JN07	JN10	736273	65515	51794	19550	0.2984	0.3775	-0.6516	-0.373
JN07	JN11	734875	65466	57567	21702	0.3315	0.377	-0.6185	-0.3544
JN07	JN12	727335	64872	55743	21330	0.3288	0.3826	-0.6212	-0.3525
JN08	JN09	729493	56765	55170	19711	0.3472	0.3573	-0.6028	-0.3573
JN08	JN10	732418	56983	51605	19721	0.3461	0.3822	-0.6039	-0.3429
JN08	JN11	730940	56963	57284	20528	0.3604	0.3584	-0.5916	-0.3488
JN08	JN12	724555	56484	55552	20921	0.3704	0.3766	-0.5796	-0.3323
JN09	JN10	730739	55125	51394	19333	0.3507	0.3762	-0.5993	-0.3439
JN09	JN11	729474	55131	57083	20682	0.3751	0.3623	-0.5877	-0.3379
JN09	JN12	723400	54756	55377	20195	0.3688	0.3647	-0.5853	-0.3402
JN10	JN11	732291	51624	57262	20382	0.3948	0.3559	-0.5941	-0.3298
JN10	JN12	725535	51114	55511	18552	0.363	0.3342	-0.6158	-0.3615
JN11	JN12	724550	56793	55564	21511	0.3788	0.3871	-0.5712	-0.3215
JS01	JS02	700903	55701	61699	22456	0.4032	0.364	-0.586	-0.3204
JS01	JS03	704369	55799	49369	15745	0.2822	0.3189	-0.6678	-0.4214
JS01	JS04	700294	55705	49274	15706	0.2819	0.3187	-0.6681	-0.4218
JS01	JS05	707301	56174	60469	25218	0.4489	0.417	-0.533	-0.2671
JS01	JS06	698078	55544	55318	22832	0.4111	0.4127	-0.5389	-0.2896
JS01	JS07	708531	56289	58514	23944	0.4254	0.4092	-0.5408	-0.2837
JS01	JS08	704257	56121	58993	25839	0.4604	0.438	-0.512	-0.2507
JS01	JS09	706927	56236	57879	25684	0.4567	0.4438	-0.5062	-0.2497
JS01	JS10	695080	53072	88774	35222	0.6637	0.3968	-0.5532	-0.1584
JS01	JS11	696412	53131	80464	28961	0.5451	0.3599	-0.5901	-0.2389
JS01	JS12	707428	56221	56671	23402	0.4163	0.4129	-0.5371	-0.2867
JS02	JS03	712379	62559	50042	23455	0.3749	0.4687	-0.5751	-0.2768
JS02	JS04	708022	62443	49931	23423	0.3751	0.4691	-0.5749	-0.2765
JS02	JS05	714747	62946	61151	27880	0.4429	0.4559	-0.5071	-0.2506
JS02	JS06	704873	62080	55838	21430	0.3452	0.3838	-0.6048	-0.3424
JS02	JS07	716320	62983	59012	22966	0.3646	0.3892	-0.5854	-0.3283
JS02	JS08	711399	62692	59524	23702	0.3781	0.3982	-0.5719	-0.3156
JS02	JS09	714679	62905	58446	22978	0.3653	0.3931	-0.5847	-0.3256
JS02	JS10	701949	59328	89596	40393	0.6808	0.4508	-0.4992	-0.1344
JS02	JS11	704002	59921	81387	35961	0.6001	0.4419	-0.5081	-0.1778
JS02	JS12	715362	62962	57337	24411	0.3877	0.4257	-0.5623	-0.2948
JS03	JS04	714678	50609	50634	50533	0.9985	0.998	0.048	-0.0023
JS03	JS05	719120	50476	61317	22688	0.4495	0.37	-0.58	-0.2903
JS03	JS06	708730	49777	55966	17140	0.3443	0.3063	-0.6437	-0.3899
JS03	JS07	720898	50492	59222	18526	0.3669	0.3128	-0.6372	-0.3716
JS03	JS08	715294	50164	59612	18511	0.369	0.3105	-0.6395	-0.3715
JS03	JS09	718872	50355	58513	16849	0.3346	0.288	-0.662	-0.4074
JS03	JS10	705995	47925	89753	29934	0.6246	0.3335	-0.6165	-0.2006
JS03	JS11	708319	48463	81528	28754	0.5933	0.3527	-0.5973	-0.2131
JS03	JS12	719771	50459	57382	17661	0.35	0.3078	-0.6422	-0.3853
JS04	JS05	714805	50401	61223	22650	0.4494	0.37	-0.58	-0.2903
JS04	JS06	704763	49658	55828	17099	0.3443	0.3063	-0.6437	-0.3899
JS04	JS07	716376	50388	59081	18491	0.367	0.313	-0.637	-0.3714
JS04	JS08	710964	50056	59561	18455	0.3687	0.3099	-0.6401	-0.3721
JS04	JS09	714659	50284	58446	16848	0.3351	0.2883	-0.6617	-0.4069
JS04	JS10	701858	47854	89657	29945	0.6258	0.334	-0.616	-0.1997
JS04	JS11	703940	48365	81446	28724	0.5939	0.3527	-0.5973	-0.2127
JS04	JS12	715519	50412	57306	17665	0.3504	0.3083	-0.6417	-0.3848
JS05	JS06	711957	60876	56353	23248	0.3819	0.4125	-0.5681	-0.3054
JS05	JS07	724418	61770	59620	23140	0.3746	0.3881	-0.5754	-0.3233
JS05	JS08	718642	61439	59931	22222	0.3617	0.3708	-0.5883	-0.3407
JS05	JS09	722880	61640	58941	23661	0.3839	0.4014	-0.5661	-0.3106
JS05	JS10	709101	57899	90341	39377	0.6801	0.4359	-0.5141	-0.1388
JS05	JS11	710934	58371	81961	35201	0.6031	0.4295	-0.5205	-0.1806
JS05	JS12	723528	61779	57753	23050	0.3731	0.3991	-0.5769	-0.3178
JS06	JS07	713970	56518	58910	24230	0.4287	0.4113	-0.5387	-0.2808
JS06	JS08	709219	56304	59328	25465	0.4523	0.4292	-0.5208	-0.2592
JS06	JS09	713213	56540	58423	29019	0.5132	0.4967	-0.4533	-0.198
JS06	JS10	700119	52576	89397	37526	0.7137	0.4198	-0.5302	-0.1253
JS06	JS11	701196	53393	81074	29419	0.551	0.3629	-0.5871	-0.2343
JS06	JS12	713208	56497	57205	26587	0.4706	0.4648	-0.4852	-0.2326
JS07	JS08	720856	59446	60219	26134	0.4396	0.434	-0.516	-0.2634
JS07	JS09	725336	59777	59233	28265	0.4728	0.4772	-0.4772	-0.2256
JS07	JS10	711480	56085	90474	37403	0.6669	0.4134	-0.5366	-0.1519
JS07	JS11	712769	56452	82122	31179	0.5523	0.3797	-0.5703	-0.2268
JS07	JS12	726043	59804	57955	26369	0.4409	0.455	-0.5091	-0.252
JS08	JS09	719800	60076	58911	31978	0.5323	0.5428	-0.4177	-0.1701
JS08	JS10	705997	56630	90029	37845	0.6683	0.4204	-0.5296	-0.1492
JS08	JS11	707528	56676	81662	31373	0.5536	0.3842	-0.5658	-0.2243
JS08	JS12	719875	60089	57621	27232	0.4532	0.4726	-0.4968	-0.2372
JS09	JS10	710083	54903	90410	42633	0.7765	0.4716	-0.4784	-0.083
JS09	JS11	711213	55830	81956	30008	0.5375	0.3661	-0.5839	-0.2409
JS09	JS12	724805	59197	57979	31024	0.5241	0.5351	-0.4259	-0.1767
JS10	JS11	699073	85362	77981	56411	0.6608	0.7234	-0.2892	-0.0655
JS10	JS12	710685	90475	54883	45327	0.501	0.8259	-0.449	-0.0557
JS11	JS12	712400	82139	53875	36201	0.4407	0.6719	-0.5093	-0.1416
MA01	MA02	662721	7143	6296	2817	0.3944	0.4474	-0.5556	-0.2792
MA01	MA03	671273	7242	6277	2096	0.2894	0.3339	-0.6606	-0.407
MA01	MA04	673755	7234	6586	2048	0.2831	0.311	-0.6669	-0.4261
MA01	MA05	680257	7157	6930	2274	0.3177	0.3281	-0.6323	-0.3932
MA01	MA06	670149	7246	7283	2555	0.3526	0.3508	-0.5992	-0.358
MA01	MA07	680761	7336	6551	2403	0.3276	0.3668	-0.6224	-0.363
MA01	MA08	675472	7287	6611	2366	0.3247	0.3579	-0.6253	-0.3702
MA01	MA09	680167	7314	7069	2649	0.3622	0.3747	-0.5878	-0.3382
MA01	MA10	663678	7170	6673	2446	0.3411	0.3666	-0.6089	-0.3552
MA01	MA11	680961	7329	6906	1907	0.2602	0.2761	-0.6898	-0.4649
MA01	MA12	680032	7308	6024	1884	0.2578	0.3127	-0.6922	-0.4411
MA02	MA03	710924	6756	6669	2050	0.3034	0.3074	-0.6466	-0.4155
MA02	MA04	713895	6727	7002	1942	0.2887	0.2773	-0.6727	-0.4449
MA02	MA05	721845	6665	7389	2364	0.3547	0.3199	-0.6301	-0.3751
MA02	MA06	709490	6722	7718	2495	0.3712	0.3233	-0.6267	-0.3627
MA02	MA07	722440	6832	6963	2376	0.3478	0.3412	-0.6088	-0.3666
MA02	MA08	716089	6777	7034	2250	0.332	0.3199	-0.6301	-0.3894
MA02	MA09	721360	6821	7528	2553	0.3743	0.3391	-0.6109	-0.3517
MA02	MA10	702224	6648	7077	2616	0.3935	0.3696	-0.5804	-0.323
MA02	MA11	722812	6828	7379	1930	0.2827	0.2616	-0.6884	-0.4594
MA02	MA12	721345	6798	6472	2190	0.3222	0.3384	-0.6278	-0.384
MA03	MA04	727065	6753	7120	1987	0.2942	0.2791	-0.6709	-0.44
MA03	MA05	737280	6721	7562	2433	0.362	0.3217	-0.6283	-0.3694
MA03	MA06	723212	6756	7882	2502	0.3703	0.3174	-0.6326	-0.3667
MA03	MA07	737805	6894	7134	2121	0.3077	0.2973	-0.6527	-0.4192
MA03	MA08	730267	6808	7169	2269	0.3333	0.3165	-0.6335	-0.3907
MA03	MA09	736402	6871	7747	2211	0.3218	0.2854	-0.6646	-0.4175
MA03	MA10	714618	6687	7228	2459	0.3677	0.3402	-0.6098	-0.3551
MA03	MA11	738290	6904	7558	1972	0.2856	0.2609	-0.6891	-0.4578
MA03	MA12	736474	6875	6616	1959	0.2849	0.2961	-0.6651	-0.4349
MA04	MA05	739978	7037	7526	2208	0.3138	0.2934	-0.6566	-0.4177
MA04	MA06	725663	7120	7859	2568	0.3607	0.3268	-0.6232	-0.3673
MA04	MA07	740598	7237	7139	2460	0.3399	0.3446	-0.6101	-0.3694
MA04	MA08	733031	7155	7122	2264	0.3164	0.3179	-0.6336	-0.4005
MA04	MA09	739068	7226	7713	2132	0.295	0.2764	-0.6736	-0.4412
MA04	MA10	717384	7062	7207	2241	0.3173	0.3109	-0.6391	-0.4044
MA04	MA11	741042	7252	7545	2245	0.3096	0.2975	-0.6525	-0.4179
MA04	MA12	739298	7212	6572	2164	0.3001	0.3293	-0.6499	-0.4034
MA05	MA06	735725	7529	7786	2472	0.3283	0.3175	-0.6325	-0.3932
MA05	MA07	753171	7699	7070	2653	0.3446	0.3752	-0.6054	-0.348
MA05	MA08	744014	7578	7096	3159	0.4169	0.4452	-0.5331	-0.2691
MA05	MA09	751256	7664	7687	2495	0.3255	0.3246	-0.6254	-0.3906
MA05	MA10	726606	7421	7122	2512	0.3385	0.3527	-0.6115	-0.3652
MA05	MA11	753911	7700	7530	2107	0.2736	0.2798	-0.6764	-0.4533
MA05	MA12	751457	7663	6588	2163	0.2823	0.3283	-0.6677	-0.4151
MA06	MA07	736293	8009	7115	2641	0.3298	0.3712	-0.6202	-0.359
MA06	MA08	728819	7917	7159	2485	0.3139	0.3471	-0.6361	-0.3835
MA06	MA09	734844	7978	7712	2667	0.3343	0.3458	-0.6157	-0.372
MA06	MA10	713096	7757	7218	2668	0.3439	0.3696	-0.6061	-0.3518
MA06	MA11	736823	8026	7546	2291	0.2854	0.3036	-0.6646	-0.4296
MA06	MA12	735049	7980	6595	2248	0.2817	0.3409	-0.6683	-0.4071
MA07	MA08	744630	7150	7274	2694	0.3768	0.3704	-0.5796	-0.3322
MA07	MA09	751820	7238	7880	2511	0.3469	0.3187	-0.6313	-0.3807
MA07	MA10	727213	7016	7337	2659	0.379	0.3624	-0.5876	-0.3355
MA07	MA11	754511	7281	7724	2209	0.3034	0.286	-0.664	-0.4293
MA07	MA12	752138	7257	6759	2397	0.3303	0.3546	-0.6197	-0.369
MA08	MA09	742927	7251	7773	2483	0.3424	0.3194	-0.6306	-0.3832
MA08	MA10	720013	7073	7253	2264	0.3201	0.3121	-0.6379	-0.4018
MA08	MA11	745132	7281	7616	2087	0.2866	0.274	-0.676	-0.4485
MA08	MA12	743046	7254	6644	2159	0.2976	0.325	-0.6524	-0.4078
MA09	MA10	726090	7611	7319	2778	0.365	0.3796	-0.585	-0.3337
MA09	MA11	752673	7885	7688	2139	0.2713	0.2782	-0.6787	-0.456
MA09	MA12	750301	7872	6735	2261	0.2872	0.3357	-0.6628	-0.4072
MA10	MA11	727809	7343	7455	2127	0.2897	0.2853	-0.6647	-0.4389
MA10	MA12	726056	7306	6551	2426	0.3321	0.3703	-0.6179	-0.3582
MA11	MA12	752911	7694	6770	2118	0.2753	0.3129	-0.6747	-0.4299
NC03	NC04	689444	10878	10761	2463	0.2264	0.2289	-0.7236	-0.5218
NC03	NC05	746920	11795	12117	2791	0.2366	0.2303	-0.7197	-0.5134
NC03	NC06	748489	11645	11787	2827	0.2428	0.2398	-0.7102	-0.5023
NC03	NC07	743503	11687	12095	2847	0.2436	0.2354	-0.7146	-0.5048
NC03	NC08	686587	10743	10564	2436	0.2268	0.2306	-0.7232	-0.5203
NC03	NC09	746820	11796	11874	2639	0.2237	0.2223	-0.7277	-0.5285
NC03	NC11	694026	10982	10792	2665	0.2427	0.2469	-0.7073	-0.4973
NC03	NC12	746499	11763	11461	2574	0.2188	0.2246	-0.7312	-0.5304
NC03	NC13	698870	10981	10925	2606	0.2373	0.2385	-0.7127	-0.5071
NC03	NC14	745508	11781	11554	2539	0.2155	0.2198	-0.7345	-0.5363
NC03	NC15	749426	11867	12024	2836	0.239	0.2359	-0.7141	-0.5077
NC04	NC05	689498	10823	11309	2697	0.2492	0.2385	-0.7115	-0.4986
NC04	NC06	690237	10660	10973	2423	0.2273	0.2208	-0.7292	-0.527
NC04	NC07	687328	10776	11269	2561	0.2377	0.2273	-0.7227	-0.5148
NC04	NC08	643925	10076	10026	2449	0.2431	0.2443	-0.7069	-0.4989
NC04	NC09	689293	10814	11066	2526	0.2336	0.2283	-0.7217	-0.517
NC04	NC11	649745	10168	10242	2556	0.2514	0.2496	-0.7004	-0.4893
NC04	NC12	689218	10796	10683	2561	0.2372	0.2397	-0.7128	-0.5063
NC04	NC13	653695	10239	10345	2528	0.2469	0.2444	-0.7056	-0.4961
NC04	NC14	688674	10803	10747	2589	0.2397	0.2409	-0.7103	-0.5037
NC04	NC15	690835	10865	11201	2717	0.2501	0.2426	-0.7074	-0.4951
NC05	NC06	748032	12042	11849	2761	0.2293	0.233	-0.7207	-0.5167
NC05	NC07	743250	12096	12158	2766	0.2287	0.2275	-0.7225	-0.5211
NC05	NC08	686879	11216	10652	2729	0.2433	0.2562	-0.7067	-0.4903
NC05	NC09	746498	12198	11948	2775	0.2275	0.2323	-0.7225	-0.5185
NC05	NC11	694389	11345	10910	2723	0.24	0.2496	-0.71	-0.4973
NC05	NC12	746189	12180	11536	2654	0.2179	0.2301	-0.7321	-0.527
NC05	NC13	699043	11380	10996	2647	0.2326	0.2407	-0.7174	-0.5089
NC05	NC14	745289	12172	11620	2581	0.212	0.2221	-0.738	-0.5372
NC05	NC15	748978	12251	12086	2932	0.2393	0.2426	-0.7107	-0.5027
NC06	NC07	744756	11766	12041	2753	0.234	0.2286	-0.7214	-0.5165
NC06	NC08	687062	10838	10493	2526	0.2331	0.2407	-0.7169	-0.5085
NC06	NC09	748015	11854	11779	2682	0.2263	0.2277	-0.7237	-0.5227
NC06	NC11	694724	11022	10750	2523	0.2289	0.2347	-0.7211	-0.5158
NC06	NC12	747787	11805	11411	2622	0.2221	0.2298	-0.7279	-0.5242
NC06	NC13	699344	11005	10812	2580	0.2344	0.2386	-0.7156	-0.5091
NC06	NC14	746765	11832	11513	2593	0.2192	0.2252	-0.7308	-0.5297
NC06	NC15	751364	11942	11984	2866	0.24	0.2392	-0.7108	-0.5047
NC07	NC08	684902	11173	10574	2606	0.2332	0.2465	-0.7168	-0.5043
NC07	NC09	743150	12172	11845	2806	0.2305	0.2369	-0.7195	-0.5131
NC07	NC11	692052	11289	10839	2569	0.2276	0.237	-0.7224	-0.5151
NC07	NC12	743020	12144	11437	2725	0.2244	0.2383	-0.7256	-0.5164
NC07	NC13	696775	11411	10937	2691	0.2358	0.246	-0.7142	-0.5028
NC07	NC14	742035	12154	11565	2670	0.2197	0.2309	-0.7303	-0.5252
NC07	NC15	745564	12245	12003	2735	0.2234	0.2279	-0.7266	-0.5247
NC08	NC09	686507	10646	10939	2720	0.2555	0.2487	-0.7013	-0.4871
NC08	NC11	649901	10089	10151	2503	0.2481	0.2466	-0.7034	-0.4937
NC08	NC12	686509	10636	10591	2455	0.2308	0.2318	-0.7192	-0.5165
NC08	NC13	653585	10110	10262	2410	0.2384	0.2348	-0.7152	-0.5089
NC08	NC14	686047	10659	10673	2491	0.2337	0.2334	-0.7166	-0.5133
NC08	NC15	687909	10687	11011	2625	0.2456	0.2384	-0.7116	-0.5013
NC09	NC11	694218	11071	10907	2668	0.241	0.2446	-0.709	-0.5001
NC09	NC12	746201	11914	11533	2762	0.2318	0.2395	-0.7182	-0.5103
NC09	NC13	698812	11161	10987	2659	0.2382	0.242	-0.7118	-0.504
NC09	NC14	745183	11937	11648	2650	0.222	0.2275	-0.728	-0.526
NC09	NC15	749215	12026	12117	2861	0.2379	0.2361	-0.7139	-0.5084
NC11	NC12	694021	10880	10707	2620	0.2408	0.2447	-0.7092	-0.5002
NC11	NC13	659648	10337	10403	2569	0.2485	0.2469	-0.7031	-0.4932
NC11	NC14	693458	10902	10828	2469	0.2265	0.228	-0.7235	-0.5224
NC11	NC15	695368	10929	11180	2620	0.2397	0.2343	-0.7157	-0.5084
NC12	NC13	698621	10741	10962	2573	0.2395	0.2347	-0.7153	-0.5082
NC12	NC14	745052	11514	11612	2627	0.2282	0.2262	-0.7238	-0.5224
NC12	NC15	748771	11614	12061	2865	0.2467	0.2375	-0.7125	-0.5011
NC13	NC14	698145	10982	10846	2425	0.2208	0.2236	-0.7292	-0.5297
NC13	NC15	700103	11024	11244	2678	0.2429	0.2382	-0.7118	-0.5033
NC14	NC15	747760	11697	12065	2743	0.2345	0.2274	-0.7226	-0.517
NN01	NN02	761640	2231	2195	603	0.2703	0.2747	-0.6797	-0.459
NN01	NN03	761606	2232	1978	527	0.2361	0.2664	-0.7139	-0.488
NN01	NN04	761030	2223	2278	604	0.2717	0.2651	-0.6849	-0.4646
NN01	NN05	761313	2222	3235	951	0.428	0.294	-0.656	-0.3424
NN01	NN06	761641	2229	2186	603	0.2705	0.2758	-0.6795	-0.4581
NN01	NN07	761512	2227	2172	600	0.2694	0.2762	-0.6806	-0.4586
NN01	NN08	761368	2230	3072	1079	0.4839	0.3512	-0.5988	-0.2791
NN01	NN09	761566	2228	2194	602	0.2702	0.2744	-0.6798	-0.4593
NN01	NN10	761540	2222	2180	600	0.27	0.2752	-0.68	-0.4589
NN01	NN11	761775	2224	2285	577	0.2594	0.2525	-0.6975	-0.4817
NN01	NN12	761612	2229	2219	369	0.1655	0.1663	-0.7845	-0.6148
NN02	NN03	761508	2199	1976	729	0.3315	0.3689	-0.6185	-0.3594
NN02	NN04	760958	2191	2285	1175	0.5363	0.5142	-0.4358	-0.1803
NN02	NN05	761258	2173	3235	2135	0.9825	0.66	-0.29	0.0094
NN02	NN06	761686	2203	2194	2168	0.9841	0.9881	0.0341	-0.0013
NN02	NN07	761584	2200	2182	2166	0.9845	0.9927	0.0345	-0.0015
NN02	NN08	761320	2178	3070	2143	0.9839	0.698	-0.252	0.0085
NN02	NN09	761648	2203	2200	2169	0.9846	0.9859	0.0346	-0.0012
NN02	NN10	761599	2195	2192	2158	0.9831	0.9845	0.0331	-0.0011
NN02	NN11	761592	2195	2285	576	0.2624	0.2521	-0.6979	-0.4799
NN02	NN12	761535	2196	2220	332	0.1512	0.1495	-0.8005	-0.6394
NN03	NN04	761042	1968	2286	575	0.2922	0.2515	-0.6985	-0.4595
NN03	NN05	761263	1968	3240	1056	0.5366	0.3259	-0.6241	-0.258
NN03	NN06	761522	1975	2192	730	0.3696	0.333	-0.617	-0.3581
NN03	NN07	761403	1976	2177	728	0.3684	0.3344	-0.6156	-0.358
NN03	NN08	761285	1971	3073	1015	0.515	0.3303	-0.6197	-0.2696
NN03	NN09	761461	1976	2200	730	0.3694	0.3318	-0.6182	-0.3589
NN03	NN10	761423	1975	2188	727	0.3681	0.3323	-0.6177	-0.3594
NN03	NN11	761568	1971	2290	387	0.1963	0.169	-0.781	-0.5886
NN03	NN12	761506	1980	2215	352	0.1778	0.1589	-0.7911	-0.6109
NN04	NN05	760709	2273	3237	1423	0.626	0.4396	-0.5104	-0.1654
NN04	NN06	760951	2286	2183	1175	0.514	0.5383	-0.436	-0.1795
NN04	NN07	760846	2282	2174	1175	0.5149	0.5405	-0.4351	-0.1782
NN04	NN08	760769	2269	3066	1352	0.5959	0.441	-0.509	-0.1802
NN04	NN09	760900	2284	2193	1175	0.5144	0.5358	-0.4356	-0.1804
NN04	NN10	760865	2282	2182	1171	0.5131	0.5367	-0.4369	-0.1806
NN04	NN11	760997	2283	2281	604	0.2646	0.2648	-0.6854	-0.4696
NN04	NN12	760949	2287	2212	409	0.1788	0.1849	-0.7712	-0.59
NN05	NN06	761261	3238	2167	2153	0.6649	0.9935	-0.2851	0.0124
NN05	NN07	761187	3239	2156	2137	0.6598	0.9912	-0.2902	0.012
NN05	NN08	761067	3226	3053	2488	0.7712	0.8149	-0.1788	-0.0242
NN05	NN09	761239	3243	2175	2149	0.6627	0.988	-0.2873	0.0109
NN05	NN10	761159	3234	2162	2137	0.6608	0.9884	-0.2892	0.0111
NN05	NN11	761293	3233	2285	858	0.2654	0.3755	-0.6846	-0.3933
NN05	NN12	761237	3239	2216	632	0.1951	0.2852	-0.7549	-0.5019
NN06	NN07	761615	2193	2180	2166	0.9877	0.9936	0.0377	-0.0016
NN06	NN08	761320	2170	3074	2141	0.9866	0.6965	-0.2535	0.0093
NN06	NN09	761654	2196	2202	2180	0.9927	0.99	0.04	-0.0017
NN06	NN10	761618	2189	2189	2168	0.9904	0.9904	0.0404	-0.0016
NN06	NN11	761616	2187	2287	576	0.2634	0.2519	-0.6981	-0.4793
NN06	NN12	761544	2188	2218	330	0.1508	0.1488	-0.8012	-0.6403
NN07	NN08	761213	2160	3070	2143	0.9921	0.698	-0.252	0.0106
NN07	NN09	761570	2183	2200	2169	0.9936	0.9859	0.0359	-0.0016
NN07	NN10	761493	2172	2188	2156	0.9926	0.9854	0.0354	-0.0015
NN07	NN11	761488	2175	2285	574	0.2639	0.2512	-0.6988	-0.4794
NN07	NN12	761423	2175	2216	330	0.1517	0.1489	-0.8011	-0.6395
NN08	NN09	761264	3069	2178	2141	0.6976	0.983	-0.2524	0.0083
NN08	NN10	761229	3067	2166	2134	0.6958	0.9852	-0.2542	0.0089
NN08	NN11	761327	3064	2282	846	0.2761	0.3707	-0.6739	-0.3904
NN08	NN12	761214	3061	2218	573	0.1872	0.2583	-0.7628	-0.5276
NN09	NN10	761559	2193	2189	2175	0.9918	0.9936	0.0418	-0.0018
NN09	NN11	761553	2195	2290	575	0.262	0.2511	-0.6989	-0.4808
NN09	NN12	761496	2197	2219	332	0.1511	0.1496	-0.8004	-0.6394
NN10	NN11	761499	2183	2288	573	0.2625	0.2504	-0.6996	-0.481
NN10	NN12	761436	2183	2217	329	0.1507	0.1484	-0.8016	-0.6407
NN11	NN12	761596	2285	2220	609	0.2665	0.2743	-0.6835	-0.4618
PO02	PO03	753585	10590	9047	5351	0.5053	0.5915	-0.4447	-0.1594
PO02	PO04	753451	10587	9038	5342	0.5046	0.5911	-0.4454	-0.1599
PO02	PO05	754168	10639	10635	10618	0.998	0.9984	0.048	-0.0023
PO02	PO06	753669	10578	9054	5352	0.506	0.5911	-0.444	-0.1594
PO02	PO07	754136	10640	10637	10618	0.9979	0.9982	0.0479	-0.0023
PO02	PO08	754188	10619	10622	10599	0.9981	0.9978	0.0478	-0.0023
PO02	PO09	753282	10573	9048	5349	0.5059	0.5912	-0.4441	-0.1593
PO02	PO10	753696	10629	10628	10611	0.9983	0.9984	0.0483	-0.0023
PO02	PO11	753843	10639	10632	10615	0.9977	0.9984	0.0477	-0.0023
PO02	PO12	753870	10637	10624	10615	0.9979	0.9992	0.0479	-0.0024
PO03	PO04	756370	9159	9161	9153	0.9993	0.9991	0.0491	-0.0024
PO03	PO05	756057	9109	10601	5366	0.5891	0.5062	-0.4438	-0.1602
PO03	PO06	756714	9174	9181	9173	0.9999	0.9991	0.0491	-0.0025
PO03	PO07	755977	9115	10605	5369	0.589	0.5063	-0.4437	-0.1602
PO03	PO08	755953	9103	10583	5347	0.5874	0.5052	-0.4448	-0.1613
PO03	PO09	756137	9160	9165	9152	0.9991	0.9986	0.0486	-0.0024
PO03	PO10	755273	9090	10584	5353	0.5889	0.5058	-0.4442	-0.1604
PO03	PO11	755554	9105	10587	5358	0.5885	0.5061	-0.4439	-0.1605
PO03	PO12	755656	9091	10594	5364	0.59	0.5063	-0.4437	-0.1597
PO04	PO05	755820	9098	10591	5355	0.5886	0.5056	-0.4444	-0.1606
PO04	PO06	756405	9161	9162	9152	0.999	0.9989	0.0489	-0.0024
PO04	PO07	755756	9107	10600	5363	0.5889	0.5059	-0.4441	-0.1604
PO04	PO08	755756	9098	10579	5341	0.5871	0.5049	-0.4451	-0.1615
PO04	PO09	756040	9152	9156	9144	0.9991	0.9987	0.0487	-0.0024
PO04	PO10	755206	9089	10588	5351	0.5887	0.5054	-0.4446	-0.1606
PO04	PO11	755434	9107	10593	5359	0.5884	0.5059	-0.4441	-0.1606
PO04	PO12	755467	9077	10586	5352	0.5896	0.5056	-0.4444	-0.1602
PO05	PO06	756128	10591	9115	5368	0.5068	0.5889	-0.4432	-0.16
PO05	PO07	756560	10653	10658	10647	0.9994	0.999	0.049	-0.0024
PO05	PO08	756565	10631	10637	10625	0.9994	0.9989	0.0489	-0.0024
PO05	PO09	755621	10582	9102	5360	0.5065	0.5889	-0.4435	-0.1601
PO05	PO10	755914	10640	10637	10633	0.9993	0.9996	0.0493	-0.0024
PO05	PO11	756178	10646	10645	10633	0.9988	0.9989	0.0488	-0.0024
PO05	PO12	756262	10645	10641	10637	0.9992	0.9996	0.0492	-0.0024
PO06	PO07	756044	9125	10598	5375	0.589	0.5072	-0.4428	-0.1599
PO06	PO08	756047	9109	10580	5353	0.5877	0.506	-0.444	-0.1609
PO06	PO09	756197	9164	9165	9155	0.999	0.9989	0.0489	-0.0024
PO06	PO10	755342	9098	10576	5358	0.5889	0.5066	-0.4434	-0.1601
PO06	PO11	755632	9117	10584	5365	0.5885	0.5069	-0.4431	-0.1602
PO06	PO12	755733	9098	10586	5370	0.5902	0.5073	-0.4427	-0.1593
PO07	PO08	756484	10637	10644	10632	0.9995	0.9989	0.0489	-0.0024
PO07	PO09	755538	10586	9112	5365	0.5068	0.5888	-0.4432	-0.1601
PO07	PO10	755834	10641	10638	10630	0.999	0.9992	0.049	-0.0024
PO07	PO11	756098	10654	10652	10641	0.9988	0.999	0.0488	-0.0024
PO07	PO12	756150	10650	10642	10636	0.9987	0.9994	0.0487	-0.0024
PO08	PO09	755543	10576	9106	5351	0.506	0.5876	-0.444	-0.1609
PO08	PO10	755875	10626	10621	10614	0.9989	0.9993	0.0489	-0.0024
PO08	PO11	756118	10637	10630	10620	0.9984	0.9991	0.0484	-0.0024
PO08	PO12	756171	10636	10625	10621	0.9986	0.9996	0.0486	-0.0024
PO09	PO10	755007	9091	10568	5350	0.5885	0.5062	-0.4438	-0.1604
PO09	PO11	755263	9107	10579	5359	0.5884	0.5066	-0.4434	-0.1603
PO09	PO12	755248	9081	10575	5358	0.59	0.5067	-0.4433	-0.1596
PO10	PO11	755584	10639	10635	10627	0.9989	0.9992	0.0489	-0.0024
PO10	PO12	755545	10632	10625	10623	0.9992	0.9998	0.0492	-0.0025
PO11	PO12	755807	10640	10631	10625	0.9986	0.9994	0.0486	-0.0024
QU01	QU02	735842	4605	4581	1553	0.3372	0.339	-0.6128	-0.3744
QU01	QU03	637454	4009	3803	1416	0.3532	0.3723	-0.5968	-0.3448
QU01	QU05	702396	4386	4348	1461	0.3331	0.336	-0.6169	-0.3788
QU01	QU06	755116	4805	4990	1721	0.3582	0.3449	-0.6051	-0.3581
QU01	QU07	720361	4543	3647	1351	0.2974	0.3704	-0.6526	-0.3782
QU01	QU08	702437	4390	3965	1388	0.3162	0.3501	-0.6338	-0.3802
QU01	QU09	720778	4539	4526	1642	0.3618	0.3628	-0.5882	-0.3454
QU01	QU10	756107	4820	4713	1555	0.3226	0.3299	-0.6274	-0.3891
QU01	QU11	709056	4455	4581	1718	0.3856	0.375	-0.575	-0.3245
QU01	QU12	727802	4598	4381	1574	0.3423	0.3593	-0.6077	-0.359
QU02	QU03	631621	3900	3764	1314	0.3369	0.3491	-0.6131	-0.3684
QU02	QU05	692801	4286	4261	1591	0.3712	0.3734	-0.5788	-0.3337
QU02	QU06	736459	4591	4833	1648	0.359	0.341	-0.609	-0.3599
QU02	QU07	708553	4420	3567	1253	0.2835	0.3513	-0.6665	-0.399
QU02	QU08	691908	4285	3872	1372	0.3202	0.3543	-0.6298	-0.3752
QU02	QU09	708757	4402	4454	1600	0.3635	0.3592	-0.5908	-0.3465
QU02	QU10	736810	4573	4537	1547	0.3383	0.341	-0.6117	-0.3725
QU02	QU11	698927	4344	4514	1700	0.3913	0.3766	-0.5734	-0.3204
QU02	QU12	715219	4453	4258	1519	0.3411	0.3567	-0.6089	-0.3613
QU03	QU05	613187	3651	3765	1276	0.3495	0.3389	-0.6111	-0.367
QU03	QU06	637698	3800	4183	1436	0.3779	0.3433	-0.6067	-0.3471
QU03	QU07	622846	3728	3139	1044	0.28	0.3326	-0.67	-0.4137
QU03	QU08	612146	3639	3379	1114	0.3061	0.3297	-0.6439	-0.3994
QU03	QU09	621227	3697	3907	1247	0.3373	0.3192	-0.6308	-0.3865
QU03	QU10	637765	3798	3894	1256	0.3307	0.3225	-0.6275	-0.3886
QU03	QU11	617839	3672	3953	1337	0.3641	0.3382	-0.6118	-0.3585
QU03	QU12	626743	3755	3765	1330	0.3542	0.3533	-0.5967	-0.3555
QU05	QU06	702783	4350	4622	1603	0.3685	0.3468	-0.6032	-0.3508
QU05	QU07	680570	4204	3450	1207	0.2871	0.3499	-0.6629	-0.3978
QU05	QU08	666134	4130	3749	1383	0.3349	0.3689	-0.6151	-0.3574
QU05	QU09	680188	4201	4258	1517	0.3611	0.3563	-0.5937	-0.3496
QU05	QU10	702898	4338	4330	1464	0.3375	0.3381	-0.6125	-0.3748
QU05	QU11	672847	4161	4348	1572	0.3778	0.3615	-0.5885	-0.3367
QU05	QU12	686537	4257	4117	1468	0.3448	0.3566	-0.6052	-0.3591
QU06	QU07	720919	4754	3661	1364	0.2869	0.3726	-0.6631	-0.3829
QU06	QU08	702957	4593	3977	1348	0.2935	0.3389	-0.6565	-0.4012
QU06	QU09	721462	4735	4539	1612	0.3404	0.3551	-0.6096	-0.3627
QU06	QU10	757613	5024	4731	1908	0.3798	0.4033	-0.5702	-0.3117
QU06	QU11	709446	4659	4587	1801	0.3866	0.3926	-0.5634	-0.314
QU06	QU12	728575	4827	4378	1613	0.3342	0.3684	-0.6158	-0.3581
QU07	QU08	680078	3401	3837	1034	0.304	0.2695	-0.6805	-0.4396
QU07	QU09	695077	3487	4358	1221	0.3502	0.2802	-0.6698	-0.4017
QU07	QU10	721281	3649	4443	1288	0.353	0.2899	-0.6601	-0.3941
QU07	QU11	686687	3450	4427	1284	0.3722	0.29	-0.66	-0.3813
QU07	QU12	701621	3538	4228	1264	0.3573	0.299	-0.651	-0.3858
QU08	QU09	679585	3831	4258	1346	0.3513	0.3161	-0.6339	-0.3795
QU08	QU10	703246	3961	4330	1221	0.3083	0.282	-0.668	-0.4287
QU08	QU11	671880	3757	4305	1391	0.3702	0.3231	-0.6269	-0.3635
QU08	QU12	685603	3862	4113	1397	0.3617	0.3397	-0.6103	-0.359
QU09	QU10	721709	4521	4447	1630	0.3605	0.3665	-0.5895	-0.344
QU09	QU11	686149	4307	4439	1662	0.3859	0.3744	-0.5756	-0.3247
QU09	QU12	701567	4419	4199	1359	0.3075	0.3236	-0.6425	-0.4025
QU10	QU11	709685	4386	4589	1650	0.3762	0.3596	-0.5904	-0.3388
QU10	QU12	728865	4529	4374	1423	0.3142	0.3253	-0.6358	-0.3972
QU11	QU12	692438	4467	4142	1485	0.3324	0.3585	-0.6176	-0.3653
SD01	SD02	707409	31666	23779	13787	0.4354	0.5798	-0.5146	-0.1905
SD01	SD03	709889	31674	36111	21709	0.6854	0.6012	-0.3488	-0.0923
SD01	SD04	708573	31678	23582	14615	0.4614	0.6198	-0.4886	-0.1613
SD01	SD05	707192	31541	22176	12038	0.3817	0.5428	-0.5683	-0.2314
SD01	SD06	710486	31679	21244	12359	0.3901	0.5818	-0.5599	-0.2062
SD01	SD07	708309	31680	21280	14370	0.4536	0.6753	-0.4964	-0.1364
SD01	SD08	531154	25374	30271	18101	0.7134	0.598	-0.352	-0.0833
SD01	SD09	710505	31740	21201	12316	0.388	0.5809	-0.562	-0.2074
SD01	SD10	704233	29264	29234	18919	0.6465	0.6472	-0.3035	-0.0919
SD01	SD11	710853	31808	23670	14656	0.4608	0.6192	-0.4892	-0.1618
SD01	SD12	702551	27771	28277	16911	0.6089	0.598	-0.352	-0.1201
SD02	SD03	720602	27328	42025	27184	0.9947	0.6469	-0.3031	0.0135
SD02	SD04	718273	27375	26698	11308	0.4131	0.4236	-0.5369	-0.2826
SD02	SD05	717445	27265	24836	10247	0.3758	0.4126	-0.5742	-0.3086
SD02	SD06	720342	27407	24180	10673	0.3894	0.4414	-0.5606	-0.2851
SD02	SD07	718062	27298	24083	11261	0.4125	0.4676	-0.5375	-0.2593
SD02	SD08	538673	22365	34569	16274	0.7277	0.4708	-0.4792	-0.1065
SD02	SD09	720437	27432	24147	10653	0.3883	0.4412	-0.5617	-0.2858
SD02	SD10	713634	25359	33804	15044	0.5932	0.445	-0.505	-0.1802
SD02	SD11	720586	27444	26800	11329	0.4128	0.4227	-0.5372	-0.2833
SD02	SD12	712655	27725	32898	27627	0.9965	0.8398	-0.1102	0.0051
SD03	SD04	720843	41829	26689	17507	0.4185	0.656	-0.5315	-0.1563
SD03	SD05	719883	41692	24806	15315	0.3673	0.6174	-0.5827	-0.1938
SD03	SD06	723558	41866	24148	15575	0.372	0.645	-0.578	-0.1763
SD03	SD07	720730	41828	24091	17102	0.4089	0.7099	-0.5411	-0.1299
SD03	SD08	539459	33811	34478	24377	0.721	0.707	-0.243	-0.0556
SD03	SD09	723485	41961	24122	15557	0.3707	0.6449	-0.5793	-0.1767
SD03	SD10	716360	38682	33813	23848	0.6165	0.7053	-0.3335	-0.0816
SD03	SD11	723626	41983	26795	17558	0.4182	0.6553	-0.5318	-0.1567
SD03	SD12	715155	36019	32680	32469	0.9014	0.9935	-0.0486	0.0021
SD04	SD05	718495	26638	24907	10370	0.3893	0.4163	-0.5607	-0.2992
SD04	SD06	721774	26754	24196	10798	0.4036	0.4463	-0.5464	-0.2752
SD04	SD07	719409	26702	24084	10658	0.3991	0.4425	-0.5509	-0.2796
SD04	SD08	538945	21035	34527	14932	0.7099	0.4325	-0.5175	-0.1243
SD04	SD09	721763	26783	24160	10777	0.4024	0.4461	-0.5476	-0.2759
SD04	SD10	714362	24347	33825	14747	0.6057	0.436	-0.514	-0.177
SD04	SD11	723273	27084	27137	27014	0.9974	0.9955	0.0455	-0.0022
SD04	SD12	712485	23679	32664	13634	0.5758	0.4174	-0.5326	-0.1993
SD05	SD06	720411	24888	24111	9563	0.3842	0.3966	-0.5658	-0.3131
SD05	SD07	717829	24821	24002	8777	0.3536	0.3657	-0.5964	-0.3485
SD05	SD08	538296	19762	34433	12797	0.6476	0.3716	-0.5784	-0.1749
SD05	SD09	720393	24887	24063	9528	0.3829	0.396	-0.5671	-0.3142
SD05	SD10	713553	23102	33665	12671	0.5485	0.3764	-0.5736	-0.2303
SD05	SD11	720793	24960	26728	10394	0.4164	0.3889	-0.5611	-0.2994
SD05	SD12	711573	22529	32539	12389	0.5499	0.3807	-0.5693	-0.2278
SD06	SD07	721408	24182	24130	9723	0.4021	0.4029	-0.5479	-0.2998
SD06	SD08	539017	19197	34452	13019	0.6782	0.3779	-0.5721	-0.1555
SD06	SD09	726048	24510	24519	24434	0.9969	0.9965	0.0465	-0.0022
SD06	SD10	716999	21765	33843	14093	0.6475	0.4164	-0.5336	-0.1614
SD06	SD11	724839	24310	26931	10910	0.4488	0.4051	-0.5449	-0.2731
SD06	SD12	715110	21385	32702	12577	0.5881	0.3846	-0.5654	-0.2046
SD07	SD08	538962	19402	34531	14018	0.7225	0.406	-0.544	-0.1238
SD07	SD09	721393	24136	24113	9658	0.4001	0.4005	-0.5499	-0.3022
SD07	SD10	714072	22331	33785	14272	0.6391	0.4224	-0.5276	-0.164
SD07	SD11	721739	24180	26835	10716	0.4432	0.3993	-0.5507	-0.2791
SD07	SD12	712131	21309	32591	13564	0.6365	0.4162	-0.5338	-0.1673
SD08	SD09	539618	34576	19163	13007	0.3762	0.6788	-0.5738	-0.1556
SD08	SD10	534866	31732	27104	19613	0.6181	0.7236	-0.3319	-0.0751
SD08	SD11	540005	34607	21101	14978	0.4328	0.7098	-0.5172	-0.1242
SD08	SD12	533336	30609	26634	19607	0.6406	0.7362	-0.3094	-0.0661
SD09	SD10	716939	21693	33888	14026	0.6466	0.4139	-0.5361	-0.1627
SD09	SD11	724609	24254	26936	10862	0.4478	0.4033	-0.5467	-0.2746
SD09	SD12	715026	21320	32717	12516	0.5871	0.3826	-0.5674	-0.2059
SD10	SD11	716874	33907	24442	14803	0.4366	0.6056	-0.5134	-0.1768
SD10	SD12	708473	29534	30222	18536	0.6276	0.6133	-0.3367	-0.1086
SD11	SD12	715122	23789	32738	13682	0.5751	0.4179	-0.5321	-0.1995
SW01	SW02	760864	7388	8115	2262	0.3062	0.2787	-0.6713	-0.4322
SW01	SW03	760752	7330	7313	2056	0.2805	0.2811	-0.6695	-0.4478
SW01	SW04	760586	7294	7759	2145	0.2941	0.2765	-0.6735	-0.4417
SW01	SW05	759130	7358	7019	2444	0.3322	0.3482	-0.6178	-0.3718
SW01	SW06	759860	7370	7044	1974	0.2678	0.2802	-0.6822	-0.4569
SW01	SW07	759206	7343	11588	3130	0.4263	0.2701	-0.6799	-0.3561
SW01	SW08	759206	7323	6790	1610	0.2199	0.2371	-0.7301	-0.5205
SW01	SW09	760574	7378	7413	2268	0.3074	0.3059	-0.6441	-0.4139
SW01	SW10	759761	7376	7436	2310	0.3132	0.3107	-0.6393	-0.4071
SW01	SW11	759393	7351	7354	2104	0.2862	0.2861	-0.6639	-0.4407
SW01	SW12	758099	7354	6972	2009	0.2732	0.2882	-0.6768	-0.4479
SW02	SW03	761185	8057	7327	2346	0.2912	0.3202	-0.6588	-0.4149
SW02	SW04	761214	8037	7781	2223	0.2766	0.2857	-0.6734	-0.4473
SW02	SW05	759365	8095	7017	2622	0.3239	0.3737	-0.6261	-0.3608
SW02	SW06	760280	8105	7043	1968	0.2428	0.2794	-0.7072	-0.4742
SW02	SW07	759657	8080	11595	3939	0.4875	0.3397	-0.6103	-0.2823
SW02	SW08	759751	8086	6803	1830	0.2263	0.269	-0.7237	-0.4928
SW02	SW09	761101	8133	7413	1989	0.2446	0.2683	-0.7054	-0.4809
SW02	SW10	760251	8132	7448	1979	0.2434	0.2657	-0.7066	-0.4835
SW02	SW11	759901	8106	7363	2107	0.2599	0.2862	-0.6901	-0.4581
SW02	SW12	758506	8094	6968	1924	0.2377	0.2761	-0.7123	-0.48
SW03	SW04	761114	7237	7705	1954	0.27	0.2536	-0.6964	-0.4736
SW03	SW05	759272	7307	6961	2892	0.3958	0.4155	-0.5542	-0.2962
SW03	SW06	760149	7313	6977	2267	0.31	0.3249	-0.64	-0.4001
SW03	SW07	759516	7285	11491	3277	0.4498	0.2852	-0.6648	-0.3325
SW03	SW08	759355	7275	6755	1477	0.203	0.2187	-0.747	-0.5463
SW03	SW09	760896	7325	7347	2121	0.2896	0.2887	-0.6613	-0.4367
SW03	SW10	760070	7325	7377	1958	0.2673	0.2654	-0.6846	-0.4674
SW03	SW11	759711	7292	7316	1967	0.2697	0.2689	-0.6811	-0.4634
SW03	SW12	758312	7280	6908	1898	0.2607	0.2748	-0.6893	-0.4654
SW04	SW05	759095	7742	6943	1804	0.233	0.2598	-0.717	-0.4949
SW04	SW06	760052	7747	6958	1926	0.2486	0.2768	-0.7014	-0.4722
SW04	SW07	759543	7731	11438	3661	0.4735	0.3201	-0.6299	-0.3001
SW04	SW08	759423	7725	6728	1839	0.2381	0.2733	-0.7119	-0.4817
SW04	SW09	760836	7763	7313	2215	0.2853	0.3029	-0.6647	-0.4301
SW04	SW10	760014	7762	7342	2114	0.2724	0.2879	-0.6776	-0.4486
SW04	SW11	759580	7731	7249	2183	0.2824	0.3011	-0.6676	-0.4332
SW04	SW12	758149	7719	6896	1930	0.25	0.2799	-0.7	-0.4691
SW05	SW06	758642	7013	7013	2203	0.3141	0.3141	-0.6359	-0.4044
SW05	SW07	758157	7003	11577	3122	0.4458	0.2697	-0.6803	-0.343
SW05	SW08	758053	6981	6779	1382	0.198	0.2039	-0.752	-0.5611
SW05	SW09	759106	7023	7393	1975	0.2812	0.2671	-0.6829	-0.4567
SW05	SW10	758494	7022	7435	1798	0.2561	0.2418	-0.7082	-0.4914
SW05	SW11	758285	6999	7335	1803	0.2576	0.2458	-0.7042	-0.4876
SW05	SW12	756748	6990	6948	1753	0.2508	0.2523	-0.6992	-0.4878
SW06	SW07	758843	7006	11585	3318	0.4736	0.2864	-0.6636	-0.3161
SW06	SW08	758803	7003	6769	1511	0.2158	0.2232	-0.7342	-0.5336
SW06	SW09	760118	7043	7404	2033	0.2887	0.2746	-0.6754	-0.4466
SW06	SW10	759287	7020	7412	1869	0.2662	0.2522	-0.6978	-0.4772
SW06	SW11	758958	7018	7342	1948	0.2776	0.2653	-0.6847	-0.4604
SW06	SW12	757619	7006	6962	1825	0.2605	0.2621	-0.6895	-0.4743
SW07	SW08	758526	11508	6774	3140	0.2729	0.4635	-0.6771	-0.3294
SW07	SW09	759525	11595	7378	3801	0.3278	0.5152	-0.6222	-0.2705
SW07	SW10	758816	11580	7406	3264	0.2819	0.4407	-0.6681	-0.3403
SW07	SW11	758595	11561	7316	3250	0.2811	0.4442	-0.6689	-0.3383
SW07	SW12	757033	11531	6939	2934	0.2544	0.4228	-0.6956	-0.3667
SW08	SW09	759398	6796	7360	1692	0.249	0.2299	-0.7201	-0.5048
SW08	SW10	759023	6806	7391	1803	0.2649	0.2439	-0.7061	-0.4837
SW08	SW11	758641	6779	7304	1691	0.2494	0.2315	-0.7185	-0.5034
SW08	SW12	757163	6766	6923	1407	0.208	0.2032	-0.7468	-0.5541
SW09	SW10	759965	7410	7434	2056	0.2775	0.2766	-0.6734	-0.4529
SW09	SW11	759663	7380	7356	2166	0.2935	0.2945	-0.6565	-0.4303
SW09	SW12	758166	7359	6962	2105	0.286	0.3024	-0.664	-0.43
SW10	SW11	759033	7414	7354	2138	0.2884	0.2907	-0.6616	-0.4362
SW10	SW12	757764	7392	6971	2198	0.2973	0.3153	-0.6527	-0.4143
SW11	SW12	757260	7284	6943	1893	0.2599	0.2726	-0.6901	-0.4675
WAS01	WAS02	730734	38722	40702	15393	0.3975	0.3782	-0.5718	-0.3159
WAS01	WAS03	714044	38134	37996	14553	0.3816	0.383	-0.5684	-0.3223
WAS01	WAS04	730750	38699	38666	15477	0.3999	0.4003	-0.5501	-0.3024
WAS01	WAS05	700476	37599	36945	14364	0.382	0.3888	-0.568	-0.3188
WAS01	WAS06	726342	38530	40420	15968	0.4144	0.3951	-0.5549	-0.2972
WAS01	WAS07	703657	37501	38701	14543	0.3878	0.3758	-0.5742	-0.3228
WAS01	WAS08	729511	38531	38575	14262	0.3701	0.3697	-0.5803	-0.3365
WAS01	WAS09	697595	37378	39163	15716	0.4205	0.4013	-0.5487	-0.2905
WAS01	WAS10	730286	38701	38480	14655	0.3787	0.3808	-0.5713	-0.3252
WAS01	WAS11	692563	37111	39098	14593	0.3932	0.3732	-0.5768	-0.3212
WAS01	WAS12	727309	38534	39369	14966	0.3884	0.3801	-0.5699	-0.3201
WAS02	WAS03	714659	40005	38054	15945	0.3986	0.419	-0.5514	-0.2928
WAS02	WAS04	731821	40725	38816	15665	0.3847	0.4036	-0.5653	-0.3089
WAS02	WAS05	700996	39384	36985	14537	0.3691	0.3931	-0.5809	-0.3235
WAS02	WAS06	727800	40639	40564	16622	0.409	0.4098	-0.541	-0.2922
WAS02	WAS07	703598	39323	38782	15827	0.4025	0.4081	-0.5475	-0.2967
WAS02	WAS08	730284	40549	38667	15160	0.3739	0.3921	-0.5761	-0.3214
WAS02	WAS09	697917	39112	39202	15703	0.4015	0.4006	-0.5494	-0.3013
WAS02	WAS10	732073	40826	38617	15844	0.3881	0.4103	-0.5619	-0.3033
WAS02	WAS11	692735	38893	39097	15191	0.3906	0.3885	-0.5615	-0.3141
WAS02	WAS12	728361	40587	39509	15976	0.3936	0.4044	-0.5564	-0.3036
WAS03	WAS04	714545	38064	38121	15440	0.4056	0.405	-0.545	-0.2967
WAS03	WAS05	690148	36992	36497	13682	0.3699	0.3749	-0.5801	-0.3336
WAS03	WAS06	710490	37883	39784	14793	0.3905	0.3718	-0.5782	-0.3235
WAS03	WAS07	693152	37003	38344	15443	0.4173	0.4027	-0.5473	-0.2915
WAS03	WAS08	713812	37871	37894	14058	0.3712	0.371	-0.579	-0.3351
WAS03	WAS09	687536	36816	38701	14969	0.4066	0.3868	-0.5632	-0.306
WAS03	WAS10	714408	38033	37813	14362	0.3776	0.3798	-0.5724	-0.3264
WAS03	WAS11	682683	36652	38655	15280	0.4169	0.3953	-0.5547	-0.2957
WAS03	WAS12	712717	37958	38784	15289	0.4028	0.3942	-0.5558	-0.3041
WAS04	WAS05	701077	37565	36975	15068	0.4011	0.4075	-0.5489	-0.2978
WAS04	WAS06	727367	38604	40456	15188	0.3934	0.3754	-0.5746	-0.3198
WAS04	WAS07	704164	37457	38793	15502	0.4139	0.3996	-0.5504	-0.2951
WAS04	WAS08	730064	38646	38583	14081	0.3644	0.365	-0.5856	-0.3426
WAS04	WAS09	698231	37370	39225	15953	0.4269	0.4067	-0.5433	-0.2842
WAS04	WAS10	731188	38805	38547	15268	0.3935	0.3961	-0.5565	-0.3082
WAS04	WAS11	692844	37114	39089	15486	0.4173	0.3962	-0.5538	-0.295
WAS04	WAS12	728004	38625	39435	15330	0.3969	0.3887	-0.5613	-0.3105
WAS05	WAS06	697251	36848	39171	14881	0.4038	0.3799	-0.5701	-0.3114
WAS05	WAS07	681987	35970	37804	14314	0.3979	0.3786	-0.5714	-0.3155
WAS05	WAS08	700370	36824	37367	13291	0.3609	0.3557	-0.5943	-0.3501
WAS05	WAS09	677003	35881	38285	14597	0.4068	0.3813	-0.5687	-0.3089
WAS05	WAS10	700746	37002	37201	14121	0.3816	0.3796	-0.5704	-0.3242
WAS05	WAS11	672623	35678	38234	14526	0.4071	0.3799	-0.5701	-0.3095
WAS05	WAS12	699583	36924	38262	14788	0.4005	0.3865	-0.5635	-0.3096
WAS06	WAS07	700493	39062	38614	15694	0.4018	0.4064	-0.5482	-0.298
WAS06	WAS08	725884	40308	38448	15526	0.3852	0.4038	-0.5648	-0.3085
WAS06	WAS09	694448	38987	39078	16683	0.4279	0.4269	-0.5231	-0.2731
WAS06	WAS10	727408	40559	38450	16073	0.3963	0.418	-0.5537	-0.2946
WAS06	WAS11	688892	38723	38938	16403	0.4236	0.4213	-0.5287	-0.2783
WAS06	WAS12	724173	40330	39297	15892	0.394	0.4044	-0.556	-0.3034
WAS07	WAS08	703775	38594	37373	13791	0.3573	0.369	-0.5927	-0.3444
WAS07	WAS09	679559	37619	38197	15334	0.4076	0.4014	-0.5486	-0.2976
WAS07	WAS10	703667	38759	37223	14534	0.375	0.3905	-0.575	-0.3217
WAS07	WAS11	675301	37480	38104	15622	0.4168	0.41	-0.54	-0.2879
WAS07	WAS12	702748	38676	37916	15024	0.3885	0.3962	-0.5615	-0.311
WAS08	WAS09	697491	37292	39058	15394	0.4128	0.3941	-0.5559	-0.2986
WAS08	WAS10	729797	38610	38367	14088	0.3649	0.3672	-0.5851	-0.341
WAS08	WAS11	692269	37044	38999	15526	0.4191	0.3981	-0.5519	-0.293
WAS08	WAS12	727421	38469	39239	14849	0.386	0.3784	-0.5716	-0.3224
WAS09	WAS10	697926	39196	37041	15078	0.3847	0.4071	-0.5653	-0.3069
WAS09	WAS11	670327	37942	38095	16199	0.4269	0.4252	-0.5248	-0.2745
WAS09	WAS12	696550	39161	38007	15962	0.4076	0.42	-0.5424	-0.2875
WAS10	WAS11	692456	36811	39150	15012	0.4078	0.3834	-0.5666	-0.3072
WAS10	WAS12	727942	38385	39485	15568	0.4056	0.3943	-0.5557	-0.3025
WAS11	WAS12	691335	39068	37755	16328	0.4179	0.4325	-0.5321	-0.2754
WN01	WN02	761073	5956	11284	4159	0.6983	0.3686	-0.5814	-0.1463
WN01	WN03	759536	5445	5617	2040	0.3747	0.3632	-0.5868	-0.3376
WN01	WN04	760748	6003	5954	1868	0.3112	0.3137	-0.6388	-0.4065
WN01	WN05	758236	5979	5712	2278	0.381	0.3988	-0.569	-0.3136
WN01	WN06	758344	5993	6252	2066	0.3447	0.3305	-0.6195	-0.375
WN01	WN07	760172	5807	8196	3245	0.5588	0.3959	-0.5541	-0.2168
WN01	WN08	759437	5493	7602	2635	0.4797	0.3466	-0.6034	-0.2838
WN01	WN09	758768	5960	5940	1866	0.3131	0.3141	-0.6369	-0.405
WN01	WN10	760711	6003	6270	2064	0.3438	0.3292	-0.6208	-0.3763
WN01	WN11	760587	5931	5661	1973	0.3327	0.3485	-0.6173	-0.3713
WN01	WN12	759636	5689	8593	3341	0.5873	0.3888	-0.5612	-0.2035
WN02	WN03	759744	10277	5617	5609	0.5458	0.9986	-0.4042	0.0196
WN02	WN04	760907	11294	5898	3807	0.3371	0.6455	-0.6129	-0.1866
WN02	WN05	758290	11221	5670	3829	0.3412	0.6753	-0.6088	-0.1672
WN02	WN06	758413	11245	6198	4165	0.3704	0.672	-0.5796	-0.1611
WN02	WN07	760458	10774	8042	7963	0.7391	0.9902	-0.2109	0.0085
WN02	WN08	759485	10187	7534	5116	0.5022	0.6791	-0.4478	-0.1213
WN02	WN09	758887	11209	5889	3802	0.3392	0.6456	-0.6108	-0.1859
WN02	WN10	760816	11280	6210	4171	0.3698	0.6717	-0.5802	-0.1615
WN02	WN11	760726	11175	5626	4036	0.3612	0.7174	-0.5888	-0.137
WN02	WN12	759751	10590	8528	5849	0.5523	0.6859	-0.3977	-0.105
WN03	WN04	759367	5618	5465	1769	0.3149	0.3237	-0.6351	-0.3978
WN03	WN05	756896	5579	5167	1949	0.3493	0.3772	-0.6007	-0.3441
WN03	WN06	756954	5597	5681	1989	0.3554	0.3501	-0.5999	-0.3567
WN03	WN07	758769	5403	7443	3006	0.5564	0.4039	-0.5461	-0.2149
WN03	WN08	758088	5073	6938	2515	0.4958	0.3625	-0.5875	-0.2668
WN03	WN09	757447	5581	5454	1765	0.3163	0.3236	-0.6337	-0.3969
WN03	WN10	759224	5610	5692	1995	0.3556	0.3505	-0.5995	-0.3563
WN03	WN11	759139	5554	5190	2061	0.3711	0.3971	-0.5789	-0.3201
WN03	WN12	758328	5268	7828	2944	0.5588	0.3761	-0.5739	-0.2245
WN04	WN05	758094	5931	5701	1675	0.2824	0.2938	-0.6676	-0.4381
WN04	WN06	758314	5936	6267	2069	0.3486	0.3301	-0.6199	-0.3728
WN04	WN07	760146	5776	8197	2998	0.519	0.3657	-0.5843	-0.2518
WN04	WN08	759218	5456	7619	2658	0.4872	0.3489	-0.6011	-0.2782
WN04	WN09	759232	5981	5987	5979	0.9997	0.9987	0.0487	-0.0024
WN04	WN10	760663	5968	6287	2079	0.3484	0.3307	-0.6193	-0.3726
WN04	WN11	760469	5913	5673	1951	0.33	0.3439	-0.62	-0.3758
WN04	WN12	759439	5654	8596	2708	0.479	0.315	-0.635	-0.2991
WN05	WN06	757008	5699	6224	1983	0.348	0.3186	-0.6314	-0.3801
WN05	WN07	757542	5522	8133	2993	0.542	0.368	-0.582	-0.2375
WN05	WN08	756681	5146	7557	2420	0.4703	0.3202	-0.6298	-0.3021
WN05	WN09	756812	5667	5935	1676	0.2957	0.2824	-0.6676	-0.4368
WN05	WN10	757938	5704	6229	1980	0.3471	0.3179	-0.6321	-0.3811
WN05	WN11	757845	5666	5636	1968	0.3473	0.3492	-0.6027	-0.3621
WN05	WN12	757545	5740	8582	5737	0.9995	0.6685	-0.2815	0.0139
WN06	WN07	757743	6047	8152	3231	0.5343	0.3963	-0.5537	-0.2302
WN06	WN08	756846	4695	7569	3548	0.7557	0.4688	-0.4812	-0.0935
WN06	WN09	757028	6211	5937	2068	0.333	0.3483	-0.617	-0.3712
WN06	WN10	758513	6283	6279	6276	0.9989	0.9995	0.0489	-0.0024
WN06	WN11	757967	6193	5645	1964	0.3171	0.3479	-0.6329	-0.3811
WN06	WN12	757099	5909	8570	3098	0.5243	0.3615	-0.5885	-0.2505
WN07	WN08	758662	7357	7359	3914	0.532	0.5319	-0.4181	-0.1748
WN07	WN09	758211	8121	5763	2989	0.3681	0.5187	-0.5819	-0.251
WN07	WN10	760059	8184	6065	3239	0.3958	0.534	-0.5542	-0.2305
WN07	WN11	760010	8113	5478	3116	0.3841	0.5688	-0.5659	-0.2157
WN07	WN12	758986	7658	8292	4537	0.5925	0.5472	-0.4028	-0.144
WN08	WN09	757329	7554	5449	2652	0.3511	0.4867	-0.5989	-0.2775
WN08	WN10	759161	7613	4708	3560	0.4676	0.7562	-0.4824	-0.0935
WN08	WN11	758990	7544	5136	2428	0.3218	0.4727	-0.6282	-0.2998
WN08	WN12	758142	7202	7756	3711	0.5153	0.4785	-0.4715	-0.205
WN09	WN10	758834	5957	6220	2076	0.3485	0.3338	-0.6162	-0.3706
WN09	WN11	758407	5901	5636	1946	0.3298	0.3453	-0.6202	-0.375
WN09	WN12	757442	5648	8525	2706	0.4791	0.3174	-0.6326	-0.2979
WN10	WN11	760433	6214	5671	1961	0.3156	0.3458	-0.6344	-0.3833
WN10	WN12	759406	5925	8600	3102	0.5235	0.3607	-0.5893	-0.2513
WN11	WN12	759346	4591	8511	4035	0.8789	0.4741	-0.4759	-0.0338
